PerfectFlite SLCF
Firmware: 1.0
Software: 1.16
Serial Number: 5241
Apogee: 5004' AGL
Ground Elevation: 1879' MSL
NumSamps: 2544
Flight Number: 11
Main Setting: 700' AGL
Apogee Delay: 0 Seconds
Drogue At: 17.75 Seconds
Main At: 91.20 Seconds
Max Drogue Current: 4 Amps
Max Main Current: 1 Amps

Time, Altitude, Velocity, Temperature, Voltage
0.00, 1, 0, 85.35, 9.50
0.05, 1, 7, 85.37, 9.50
0.10, 2, -3, 85.35, 9.50
0.15, 1, 4, 85.37, 9.50
0.20, 1, 3, 85.39, 9.50
0.25, 2, 4, 85.39, 9.50
0.30, 2, 7, 85.39, 9.50
0.35, 2, 11, 85.39, 9.50
0.40, 3, 16, 85.35, 9.50
0.45, -34, 24, 85.39, 9.50
0.50, 3, 33, 85.39, 9.50
0.55, 9, 41, 85.39, 9.50
0.60, 12, 50, 85.39, 9.50
0.65, 12, 59, 85.39, 9.50
0.70, 15, 70, 85.39, 9.50
0.75, 20, 85, 85.39, 9.50
0.80, 22, 103, 85.39, 9.50
0.85, 31, 122, 85.39, 9.50
0.90, 39, 142, 85.39, 9.50
0.95, 46, 162, 85.39, 9.50
1.00, 55, 183, 85.39, 9.50
1.05, 63, 207, 85.39, 9.50
1.10, 75, 235, 85.39, 9.50
1.15, 88, 262, 85.39, 9.50
1.20, 104, 285, 85.39, 9.50
1.25, 122, 297, 85.39, 9.50
1.30, 139, 297, 85.39, 9.50
1.35, 153, 286, 85.41, 9.50
1.40, 169, 269, 85.41, 9.50
1.45, 179, 259, 85.41, 9.50
1.50, 186, 260, 85.39, 9.50
1.55, 197, 274, 85.39, 9.50
1.60, 212, 296, 85.39, 9.50
1.65, 232, 317, 85.39, 9.50
1.70, 255, 331, 85.39, 9.50
1.75, 271, 338, 85.39, 9.50
1.80, 284, 342, 85.41, 9.50
1.85, 298, 347, 85.39, 9.50
1.90, 316, 359, 85.39, 9.50
1.95, 336, 376, 85.39, 9.40
2.00, 359, 394, 85.39, 9.40
2.05, 379, 414, 85.39, 9.50
2.10, 397, 433, 85.39, 9.50
2.15, 418, 449, 85.39, 9.50
2.20, 447, 464, 85.39, 9.50
2.25, 471, 476, 85.41, 9.50
2.30, 494, 484, 85.41, 9.50
2.35, 520, 491, 85.39, 9.50
2.40, 540, 500, 85.42, 9.50
2.45, 568, 511, 85.41, 9.50
2.50, 595, 526, 85.39, 9.40
2.55, 620, 546, 85.42, 9.50
2.60, 649, 568, 85.42, 9.50
2.65, 678, 590, 85.42, 9.50
2.70, 711, 613, 85.42, 9.50
2.75, 737, 634, 85.42, 9.50
2.80, 777, 650, 85.42, 9.50
2.85, 809, 661, 85.44, 9.50
2.90, 843, 667, 85.42, 9.50
2.95, 876, 669, 85.42, 9.50
3.00, 909, 671, 85.42, 9.50
3.05, 942, 673, 85.41, 9.50
3.10, 976, 672, 85.42, 9.50
3.15, 1011, 670, 85.41, 9.40
3.20, 1045, 664, 85.41, 9.50
3.25, 1080, 655, 85.39, 9.50
3.30, 1109, 644, 85.41, 9.50
3.35, 1139, 635, 85.39, 9.50
3.40, 1171, 627, 85.41, 9.50
3.45, 1205, 623, 85.39, 9.50
3.50, 1234, 620, 85.39, 9.50
3.55, 1264, 618, 85.39, 9.50
3.60, 1294, 615, 85.39, 9.40
3.65, 1327, 613, 85.39, 9.50
3.70, 1358, 609, 85.39, 9.50
3.75, 1387, 604, 85.39, 9.50
3.80, 1416, 599, 85.39, 9.50
3.85, 1447, 593, 85.39, 9.50
3.90, 1478, 588, 85.37, 9.50
3.95, 1503, 584, 85.35, 9.40
4.00, 1534, 579, 85.37, 9.50
4.05, 1564, 574, 85.37, 9.50
4.10, 1592, 568, 85.39, 9.50
4.15, 1620, 563, 85.39, 9.50
4.20, 1646, 557, 85.37, 9.40
4.25, 1675, 552, 85.37, 9.50
4.30, 1702, 548, 85.35, 9.50
4.35, 1730, 545, 85.37, 9.50
4.40, 1758, 542, 85.37, 9.50
4.45, 1781, 541, 85.37, 9.50
4.50, 1810, 539, 85.35, 9.50
4.55, 1838, 537, 85.35, 9.50
4.60, 1865, 535, 85.35, 9.50
4.65, 1890, 532, 85.35, 9.50
4.70, 1917, 528, 85.35, 9.50
4.75, 1944, 523, 85.35, 9.50
4.80, 1970, 517, 85.35, 9.50
4.85, 1995, 512, 85.35, 9.50
4.90, 2020, 506, 85.35, 9.50
4.95, 2045, 502, 85.35, 9.50
5.00, 2070, 500, 85.35, 9.50
5.05, 2095, 499, 85.35, 9.50
5.10, 2119, 500, 85.33, 9.50
5.15, 2144, 500, 85.35, 9.50
5.20, 2170, 500, 85.35, 9.50
5.25, 2196, 497, 85.35, 9.50
5.30, 2220, 493, 85.35, 9.50
5.35, 2245, 488, 85.33, 9.50
5.40, 2268, 483, 85.33, 9.50
5.45, 2291, 480, 85.35, 9.50
5.50, 2315, 476, 85.33, 9.50
5.55, 2341, 473, 85.33, 9.50
5.60, 2364, 469, 85.35, 9.50
5.65, 2386, 465, 85.33, 9.50
5.70, 2410, 462, 85.33, 9.50
5.75, 2431, 462, 85.35, 9.50
5.80, 2454, 461, 85.33, 9.50
5.85, 2479, 460, 85.33, 9.50
5.90, 2503, 458, 85.33, 9.50
5.95, 2524, 454, 85.33, 9.50
6.00, 2548, 449, 85.33, 9.50
6.05, 2568, 445, 85.33, 9.50
6.10, 2590, 442, 85.33, 9.50
6.15, 2613, 440, 85.33, 9.50
6.20, 2635, 438, 85.33, 9.50
6.25, 2658, 436, 85.33, 9.50
6.30, 2678, 433, 85.33, 9.50
6.35, 2699, 430, 85.33, 9.50
6.40, 2721, 426, 85.33, 9.50
6.45, 2743, 422, 85.33, 9.50
6.50, 2765, 418, 85.33, 9.50
6.55, 2783, 414, 85.33, 9.50
6.60, 2804, 411, 85.33, 9.50
6.65, 2824, 410, 85.33, 9.50
6.70, 2845, 408, 85.33, 9.50
6.75, 2867, 406, 85.33, 9.50
6.80, 2886, 405, 85.33, 9.50
6.85, 2905, 403, 85.33, 9.50
6.90, 2926, 401, 85.33, 9.50
6.95, 2946, 401, 85.33, 9.50
7.00, 2965, 399, 85.33, 9.50
7.05, 2987, 396, 85.33, 9.50
7.10, 3007, 394, 85.33, 9.50
7.15, 3024, 390, 85.33, 9.50
7.20, 3045, 387, 85.33, 9.50
7.25, 3063, 387, 85.33, 9.50
7.30, 3082, 388, 85.33, 9.50
7.35, 3103, 387, 85.33, 9.50
7.40, 3122, 386, 85.33, 9.50
7.45, 3141, 382, 85.33, 9.50
7.50, 3161, 376, 85.33, 9.50
7.55, 3180, 369, 85.33, 9.50
7.60, 3196, 364, 85.33, 9.40
7.65, 3214, 361, 85.33, 9.50
7.70, 3231, 360, 85.32, 9.50
7.75, 3250, 358, 85.33, 9.50
7.80, 3269, 355, 85.33, 9.50
7.85, 3288, 350, 85.33, 9.40
7.90, 3304, 345, 85.33, 9.50
7.95, 3319, 343, 85.33, 9.50
8.00, 3334, 343, 85.33, 9.50
8.05, 3354, 346, 85.33, 9.50
8.10, 3372, 349, 85.33, 9.50
8.15, 3390, 350, 85.30, 9.50
8.20, 3407, 348, 85.32, 9.40
8.25, 3425, 344, 85.33, 9.50
8.30, 3441, 338, 85.33, 9.50
8.35, 3458, 333, 85.30, 9.50
8.40, 3474, 329, 85.32, 9.50
8.45, 3490, 328, 85.32, 9.50
8.50, 3506, 327, 85.32, 9.50
8.55, 3523, 328, 85.30, 9.50
8.60, 3539, 328, 85.32, 9.50
8.65, 3556, 327, 85.30, 9.50
8.70, 3573, 324, 85.30, 9.50
8.75, 3588, 320, 85.30, 9.50
8.80, 3605, 315, 85.30, 9.50
8.85, 3619, 311, 85.30, 9.50
8.90, 3634, 309, 85.32, 9.50
8.95, 3650, 307, 85.30, 9.50
9.00, 3665, 306, 85.30, 9.50
9.05, 3682, 305, 85.30, 9.50
9.10, 3695, 302, 85.32, 9.50
9.15, 3711, 299, 85.30, 9.50
9.20, 3726, 296, 85.30, 9.50
9.25, 3740, 293, 85.30, 9.50
9.30, 3755, 291, 85.30, 9.50
9.35, 3769, 290, 85.30, 9.50
9.40, 3783, 291, 85.30, 9.50
9.45, 3797, 292, 85.30, 9.50
9.50, 3813, 294, 85.30, 9.40
9.55, 3827, 294, 85.30, 9.40
9.60, 3844, 291, 85.30, 9.50
9.65, 3857, 288, 85.32, 9.40
9.70, 3871, 283, 85.30, 9.50
9.75, 3884, 279, 85.32, 9.50
9.80, 3899, 275, 85.30, 9.40
9.85, 3913, 272, 85.30, 9.50
9.90, 3925, 270, 85.32, 9.50
9.95, 3939, 268, 85.30, 9.50
10.00, 3952, 266, 85.30, 9.50
10.05, 3965, 265, 85.30, 9.50
10.10, 3979, 263, 85.30, 9.50
10.15, 3992, 261, 85.30, 9.50
10.20, 4005, 259, 85.32, 9.50
10.25, 4018, 257, 85.30, 9.50
10.30, 4029, 255, 85.32, 9.50
10.35, 4043, 254, 85.30, 9.50
10.40, 4056, 253, 85.30, 9.50
10.45, 4068, 252, 85.30, 9.50
10.50, 4081, 251, 85.30, 9.50
10.55, 4092, 250, 85.32, 9.50
10.60, 4106, 250, 85.30, 9.50
10.65, 4118, 248, 85.30, 9.50
10.70, 4131, 245, 85.30, 9.50
10.75, 4143, 242, 85.30, 9.50
10.80, 4154, 238, 85.30, 9.50
10.85, 4167, 235, 85.30, 9.50
10.90, 4177, 233, 85.30, 9.50
10.95, 4189, 232, 85.30, 9.50
11.00, 4201, 230, 85.30, 9.50
11.05, 4213, 228, 85.30, 9.50
11.10, 4224, 227, 85.30, 9.50
11.15, 4234, 225, 85.30, 9.50
11.20, 4246, 225, 85.30, 9.50
11.25, 4257, 224, 85.30, 9.50
11.30, 4268, 224, 85.30, 9.50
11.35, 4281, 222, 85.30, 9.50
11.40, 4290, 220, 85.30, 9.50
11.45, 4302, 218, 85.30, 9.50
11.50, 4312, 216, 85.30, 9.50
11.55, 4324, 214, 85.30, 9.50
11.60, 4332, 211, 85.30, 9.50
11.65, 4345, 208, 85.30, 9.50
11.70, 4355, 204, 85.30, 9.50
11.75, 4365, 201, 85.30, 9.50
11.80, 4373, 198, 85.30, 9.50
11.85, 4385, 196, 85.32, 9.50
11.90, 4392, 196, 85.30, 9.50
11.95, 4404, 196, 85.30, 9.50
12.00, 4413, 196, 85.30, 9.50
12.05, 4424, 195, 85.30, 9.50
12.10, 4433, 192, 85.30, 9.50
12.15, 4442, 189, 85.32, 9.40
12.20, 4452, 187, 85.30, 9.50
12.25, 4460, 186, 85.30, 9.50
12.30, 4470, 186, 85.30, 9.40
12.35, 4479, 186, 85.30, 9.50
12.40, 4488, 188, 85.30, 9.50
12.45, 4498, 188, 85.30, 9.50
12.50, 4509, 186, 85.30, 9.50
12.55, 4516, 184, 85.30, 9.50
12.60, 4526, 180, 85.30, 9.50
12.65, 4535, 177, 85.30, 9.50
12.70, 4544, 173, 85.30, 9.50
12.75, 4551, 170, 85.30, 9.40
12.80, 4560, 167, 85.30, 9.50
12.85, 4568, 165, 85.30, 9.50
12.90, 4578, 161, 85.28, 9.50
12.95, 4584, 159, 85.28, 9.50
13.00, 4592, 156, 85.30, 9.50
13.05, 4599, 154, 85.30, 9.50
13.10, 4608, 154, 85.30, 9.50
13.15, 4615, 155, 85.30, 9.50
13.20, 4622, 156, 85.30, 9.50
13.25, 4630, 157, 85.30, 9.50
13.30, 4640, 157, 85.32, 9.50
13.35, 4647, 155, 85.30, 9.50
13.40, 4654, 152, 85.30, 9.50
13.45, 4662, 148, 85.30, 9.50
13.50, 4669, 145, 85.30, 9.50
13.55, 4675, 144, 85.30, 9.50
13.60, 4683, 143, 85.30, 9.50
13.65, 4691, 142, 85.30, 9.50
13.70, 4696, 141, 85.30, 9.50
13.75, 4705, 138, 85.28, 9.50
13.80, 4711, 135, 85.30, 9.50
13.85, 4719, 132, 85.30, 9.50
13.90, 4723, 130, 85.30, 9.50
13.95, 4730, 128, 85.30, 9.50
14.00, 4736, 128, 85.30, 9.50
14.05, 4743, 128, 85.30, 9.50
14.10, 4750, 126, 85.30, 9.50
14.15, 4757, 125, 85.30, 9.50
14.20, 4761, 123, 85.30, 9.40
14.25, 4768, 120, 85.30, 9.50
14.30, 4773, 118, 85.30, 9.50
14.35, 4780, 116, 85.30, 9.50
14.40, 4786, 113, 85.30, 9.50
14.45, 4791, 111, 85.30, 9.50
14.50, 4796, 110, 85.30, 9.50
14.55, 4801, 110, 85.30, 9.50
14.60, 4806, 110, 85.30, 9.50
14.65, 4813, 111, 85.30, 9.50
14.70, 4819, 111, 85.30, 9.50
14.75, 4824, 109, 85.30, 9.50
14.80, 4829, 106, 85.30, 9.50
14.85, 4834, 103, 85.30, 9.50
14.90, 4840, 100, 85.30, 9.50
14.95, 4844, 97, 85.30, 9.50
15.00, 4849, 94, 85.32, 9.50
15.05, 4853, 92, 85.30, 9.50
15.10, 4858, 91, 85.30, 9.50
15.15, 4863, 90, 85.30, 9.50
15.20, 4865, 90, 85.32, 9.50
15.25, 4872, 89, 85.30, 9.50
15.30, 4876, 88, 85.30, 9.50
15.35, 4880, 88, 85.30, 9.50
15.40, 4884, 86, 85.32, 9.50
15.45, 4889, 84, 85.30, 9.50
15.50, 4893, 82, 85.30, 9.50
15.55, 4897, 80, 85.33, 9.50
15.60, 4900, 78, 85.30, 9.50
15.65, 4904, 78, 85.32, 9.50
15.70, 4908, 77, 85.30, 9.50
15.75, 4913, 75, 85.30, 9.50
15.80, 4916, 72, 85.30, 9.50
15.85, 4919, 69, 85.32, 9.50
15.90, 4923, 66, 85.32, 9.50
15.95, 4925, 65, 85.32, 9.50
16.00, 4928, 64, 85.32, 9.50
16.05, 4933, 64, 85.30, 9.50
16.10, 4934, 64, 85.32, 9.50
16.15, 4939, 62, 85.33, 9.50
16.20, 4942, 60, 85.30, 9.50
16.25, 4944, 58, 85.32, 9.50
16.30, 4947, 56, 85.30, 9.50
16.35, 4949, 55, 85.33, 9.50
16.40, 4952, 53, 85.33, 9.50
16.45, 4957, 51, 85.32, 9.50
16.50, 4957, 49, 85.32, 9.40
16.55, 4959, 47, 85.33, 9.50
16.60, 4962, 46, 85.33, 9.50
16.65, 4964, 45, 85.30, 9.50
16.70, 4967, 43, 85.30, 9.50
16.75, 4969, 41, 85.32, 9.50
16.80, 4970, 39, 85.32, 9.50
16.85, 4973, 36, 85.32, 9.50
16.90, 4974, 35, 85.32, 9.50
16.95, 4975, 34, 85.33, 9.50
17.00, 4977, 34, 85.32, 9.50
17.05, 4979, 33, 85.32, 9.50
17.10, 4982, 32, 85.30, 9.50
17.15, 4982, 30, 85.32, 9.50
17.20, 4983, 29, 85.33, 9.50
17.25, 4985, 27, 85.32, 9.50
17.30, 4987, 26, 85.32, 9.40
17.35, 4987, 25, 85.33, 9.50
17.40, 4989, 24, 85.32, 9.50
17.45, 4990, 22, 85.32, 9.50
17.50, 4991, 20, 85.32, 9.50
17.55, 4992, 17, 85.32, 9.50
17.60, 4993, 17, 85.33, 9.50
17.65, 4993, 18, 85.33, 9.50
17.70, 4993, 21, 85.33, 9.50
17.75, 4994, 26, 85.33, 9.50
17.80, 3190, 28, 85.32, 9.40
17.85, 5005, 26, 85.44, 9.40
17.90, 5001, 23, 85.62, 9.40
17.95, 4998, 17, 85.80, 9.40
18.00, 5001, 9, 86.00, 9.40
18.05, 5002, 5, 86.16, 9.50
18.10, 5002, 0, 86.31, 9.40
18.15, 5002, -4, 86.43, 9.50
18.20, 5000, -7, 86.52, 9.40
18.25, 4999, -9, 86.59, 9.50
18.30, 5000, -10, 86.67, 9.50
18.35, 4999, -8, 86.70, 9.50
18.40, 4999, -2, 86.72, 9.50
18.45, 4996, 6, 86.72, 9.50
18.50, 4999, 18, 86.72, 9.50
18.55, 4999, 30, 86.72, 9.50
18.60, 5003, 37, 86.74, 9.50
18.65, 5007, 36, 86.72, 9.50
18.70, 5009, 26, 86.70, 9.50
18.75, 5012, 7, 86.70, 9.50
18.80, 5012, -15, 86.70, 9.50
18.85, 5003, -33, 86.67, 9.50
18.90, 5001, -43, 86.63, 9.50
18.95, 4999, -45, 86.63, 9.50
19.00, 4998, -40, 86.59, 9.50
19.05, 4994, -32, 86.59, 9.50
19.10, 4996, -24, 86.58, 9.50
19.15, 4993, -19, 86.58, 9.50
19.20, 4994, -19, 86.56, 9.50
19.25, 4993, -23, 86.56, 9.50
19.30, 4993, -32, 86.54, 9.50
19.35, 4992, -44, 86.50, 9.50
19.40, 4986, -54, 86.50, 9.50
19.45, 4983, -60, 86.50, 9.50
19.50, 4978, -61, 86.50, 9.50
19.55, 4975, -55, 86.49, 9.50
19.60, 4973, -46, 86.49, 9.50
19.65, 4974, -27, 86.49, 9.50
19.70, 4969, -10, 86.49, 9.50
19.75, 4969, 2, 86.49, 9.50
19.80, 4972, 11, 86.49, 9.50
19.85, 4969, 0, 86.47, 9.50
19.90, 4967, -10, 86.47, 9.50
19.95, 4969, -19, 86.47, 9.50
20.00, 4966, -27, 86.47, 9.50
20.05, 4967, -25, 86.45, 9.50
20.10, 4965, -26, 86.45, 9.50
20.15, 4964, -28, 86.45, 9.50
20.20, 4966, -32, 86.45, 9.50
20.25, 4960, -37, 86.45, 9.50
20.30, 4962, -42, 86.45, 9.50
20.35, 4971, -46, 86.43, 9.50
20.40, 4963, -49, 86.41, 9.50
20.45, 4960, -49, 86.41, 9.50
20.50, 4961, -49, 86.41, 9.50
20.55, 4961, -47, 86.41, 9.50
20.60, 4964, -46, 86.40, 9.50
20.65, 4971, -45, 86.38, 9.50
20.70, 4971, -44, 86.38, 9.50
20.75, 4962, -43, 86.38, 9.50
20.80, 4950, -42, 86.36, 9.50
20.85, 4944, -41, 86.36, 9.50
20.90, 4936, -39, 86.36, 9.50
20.95, 4939, -38, 86.36, 9.50
21.00, 4962, -38, 86.34, 9.50
21.05, 4950, -39, 86.32, 9.50
21.10, 4942, -41, 86.32, 9.50
21.15, 4936, -44, 86.32, 9.50
21.20, 4923, -47, 86.32, 9.50
21.25, 4908, -50, 86.31, 9.40
21.30, 4891, -52, 86.32, 9.50
21.35, 4887, -54, 86.32, 9.50
21.40, 4885, -55, 86.31, 9.50
21.45, 4882, -56, 86.32, 9.50
21.50, 4882, -57, 86.29, 9.50
21.55, 4885, -60, 86.29, 9.50
21.60, 4887, -65, 86.29, 9.50
21.65, 4886, -70, 86.29, 9.50
21.70, 4885, -75, 86.29, 9.50
21.75, 4885, -77, 86.29, 9.50
21.80, 4887, -77, 86.27, 9.50
21.85, 4898, -77, 86.27, 9.50
21.90, 4895, -77, 86.27, 9.50
21.95, 4895, -79, 86.27, 9.50
22.00, 4894, -80, 86.25, 9.50
22.05, 4888, -79, 86.25, 9.50
22.10, 4876, -76, 86.25, 9.50
22.15, 4874, -71, 86.25, 9.50
22.20, 4865, -66, 86.25, 9.50
22.25, 4858, -62, 86.25, 9.50
22.30, 4858, -58, 86.25, 9.50
22.35, 4855, -56, 86.25, 9.50
22.40, 4854, -56, 86.25, 9.50
22.45, 4854, -57, 86.25, 9.50
22.50, 4850, -59, 86.25, 9.50
22.55, 4845, -62, 86.23, 9.50
22.60, 4829, -65, 86.23, 9.50
22.65, 4813, -67, 86.23, 9.50
22.70, 4804, -70, 86.20, 9.50
22.75, 4799, -72, 86.20, 9.50
22.80, 4799, -75, 86.20, 9.50
22.85, 4798, -78, 86.16, 9.50
22.90, 4794, -80, 86.14, 9.50
22.95, 4783, -81, 86.16, 9.50
23.00, 4782, -80, 86.16, 9.50
23.05, 4795, -78, 86.14, 9.40
23.10, 4802, -75, 86.14, 9.50
23.15, 4793, -72, 86.11, 9.50
23.20, 4787, -69, 86.11, 9.50
23.25, 4788, -68, 86.11, 9.50
23.30, 4778, -68, 86.09, 9.50
23.35, 4779, -70, 86.09, 9.50
23.40, 4777, -71, 86.07, 9.50
23.45, 4771, -72, 86.07, 9.50
23.50, 4761, -72, 86.07, 9.50
23.55, 4758, -70, 86.07, 9.50
23.60, 4753, -67, 86.07, 9.50
23.65, 4751, -63, 86.07, 9.50
23.70, 4745, -59, 86.05, 9.50
23.75, 4745, -57, 86.05, 9.50
23.80, 4743, -57, 86.05, 9.50
23.85, 4737, -57, 85.91, 9.50
23.90, 4730, -57, 86.14, 9.50
23.95, 4734, -59, 86.27, 9.50
24.00, 4730, -62, 86.40, 9.50
24.05, 4730, -65, 86.56, 9.50
24.10, 4735, -68, 86.67, 9.50
24.15, 4736, -69, 86.77, 9.50
24.20, 4734, -68, 86.85, 9.50
24.25, 4724, -66, 86.94, 9.50
24.30, 4718, -64, 86.97, 9.50
24.35, 4714, -63, 87.03, 9.50
24.40, 4714, -62, 87.06, 9.50
24.45, 4705, -62, 87.08, 9.50
24.50, 4701, -62, 87.08, 9.50
24.55, 4696, -62, 87.10, 9.50
24.60, 4693, -61, 87.10, 9.50
24.65, 4696, -61, 87.10, 9.50
24.70, 4693, -59, 87.10, 9.50
24.75, 4691, -57, 87.08, 9.50
24.80, 4683, -55, 87.08, 9.50
24.85, 4681, -53, 87.06, 9.50
24.90, 4677, -51, 87.04, 9.50
24.95, 4672, -51, 87.04, 9.50
25.00, 4663, -52, 87.03, 9.50
25.05, 4659, -53, 87.01, 9.50
25.10, 4654, -55, 86.99, 9.50
25.15, 4653, -56, 86.97, 9.50
25.20, 4658, -57, 86.97, 9.50
25.25, 4658, -58, 86.95, 9.50
25.30, 4659, -60, 86.94, 9.50
25.35, 4655, -62, 86.94, 9.50
25.40, 4648, -64, 86.92, 9.50
25.45, 4644, -65, 86.92, 9.50
25.50, 4638, -64, 86.92, 9.50
25.55, 4632, -63, 86.92, 9.40
25.60, 4630, -60, 86.90, 9.50
25.65, 4629, -57, 86.88, 9.50
25.70, 4631, -54, 86.88, 9.50
25.75, 4634, -53, 86.86, 9.50
25.80, 4637, -52, 86.86, 9.50
25.85, 4636, -54, 86.85, 9.50
25.90, 4636, -55, 86.85, 9.50
25.95, 4630, -57, 86.85, 9.50
26.00, 4628, -57, 86.85, 9.50
26.05, 4631, -58, 86.85, 9.50
26.10, 4620, -59, 86.83, 9.50
26.15, 4619, -62, 86.83, 9.50
26.20, 4617, -64, 86.83, 9.50
26.25, 4603, -66, 86.83, 9.50
26.30, 4596, -67, 86.83, 9.50
26.35, 4584, -66, 86.83, 9.50
26.40, 4575, -65, 86.83, 9.50
26.45, 4571, -63, 86.83, 9.50
26.50, 4572, -61, 86.83, 9.50
26.55, 4577, -59, 86.83, 9.50
26.60, 4586, -59, 86.83, 9.50
26.65, 4587, -59, 86.83, 9.50
26.70, 4596, -59, 86.83, 9.50
26.75, 4589, -60, 86.83, 9.50
26.80, 4577, -62, 86.83, 9.50
26.85, 4562, -63, 86.85, 9.50
26.90, 4559, -64, 86.83, 9.50
26.95, 4554, -66, 86.83, 9.50
27.00, 4543, -68, 86.83, 9.50
27.05, 4543, -70, 86.83, 9.50
27.10, 4539, -71, 86.83, 9.50
27.15, 4530, -71, 86.83, 9.50
27.20, 4524, -71, 86.83, 9.50
27.25, 4522, -67, 86.83, 9.50
27.30, 4523, -64, 86.83, 9.50
27.35, 4522, -59, 86.83, 9.50
27.40, 4522, -56, 86.83, 9.50
27.45, 4521, -56, 86.83, 9.50
27.50, 4519, -58, 86.83, 9.50
27.55, 4519, -61, 86.83, 9.50
27.60, 4515, -65, 86.83, 9.50
27.65, 4515, -68, 86.83, 9.50
27.70, 4518, -69, 86.83, 9.50
27.75, 4518, -68, 86.83, 9.50
27.80, 4510, -65, 86.83, 9.50
27.85, 4512, -61, 86.79, 9.50
27.90, 4503, -58, 86.81, 9.50
27.95, 4496, -55, 86.81, 9.50
28.00, 4492, -53, 86.83, 9.50
28.05, 4485, -51, 86.79, 9.50
28.10, 4476, -51, 86.79, 9.50
28.15, 4468, -50, 86.79, 9.50
28.20, 4469, -50, 86.81, 9.50
28.25, 4469, -52, 86.81, 9.50
28.30, 4474, -53, 86.79, 9.40
28.35, 4475, -55, 86.79, 9.50
28.40, 4470, -58, 86.79, 9.50
28.45, 4462, -59, 86.79, 9.50
28.50, 4457, -60, 86.79, 9.50
28.55, 4456, -61, 86.79, 9.50
28.60, 4454, -61, 86.79, 9.50
28.65, 4452, -63, 86.77, 9.50
28.70, 4451, -65, 86.79, 9.40
28.75, 4446, -67, 86.79, 9.50
28.80, 4447, -68, 86.79, 9.50
28.85, 4447, -66, 86.77, 9.50
28.90, 4449, -63, 86.79, 9.50
28.95, 4445, -58, 86.79, 9.50
29.00, 4442, -54, 86.79, 9.50
29.05, 4439, -51, 86.79, 9.50
29.10, 4435, -49, 86.79, 9.50
29.15, 4430, -49, 86.79, 9.50
29.20, 4423, -50, 86.79, 9.50
29.25, 4419, -52, 86.79, 9.50
29.30, 4415, -54, 86.81, 9.50
29.35, 4409, -56, 86.79, 9.50
29.40, 4402, -57, 86.79, 9.50
29.45, 4400, -57, 86.83, 9.50
29.50, 4399, -56, 86.81, 9.50
29.55, 4402, -56, 86.79, 9.50
29.60, 4395, -56, 86.79, 9.50
29.65, 4393, -56, 86.79, 9.50
29.70, 4379, -57, 86.79, 9.50
29.75, 4374, -60, 86.77, 9.50
29.80, 4372, -62, 86.76, 9.50
29.85, 4377, -65, 86.77, 9.50
29.90, 4387, -65, 86.76, 9.50
29.95, 4389, -64, 86.76, 9.40
30.00, 4390, -61, 86.76, 9.50
30.05, 4380, -56, 86.76, 9.50
30.10, 4380, -52, 86.76, 9.50
30.15, 4376, -50, 86.76, 9.50
30.20, 4370, -48, 86.74, 9.50
30.25, 4364, -48, 86.72, 9.50
30.30, 4359, -48, 86.74, 9.50
30.35, 4356, -48, 86.74, 9.50
30.40, 4352, -48, 86.76, 9.50
30.45, 4350, -48, 86.74, 9.50
30.50, 4345, -50, 86.76, 9.40
30.55, 4346, -53, 86.76, 9.50
30.60, 4345, -55, 86.76, 9.50
30.65, 4342, -57, 86.76, 9.50
30.70, 4335, -59, 86.76, 9.50
30.75, 4326, -60, 86.76, 9.50
30.80, 4314, -62, 86.76, 9.50
30.85, 4312, -64, 86.76, 9.50
30.90, 4315, -66, 86.76, 9.50
30.95, 4321, -68, 86.76, 9.50
31.00, 4331, -68, 86.76, 9.50
31.05, 4339, -67, 86.76, 9.50
31.10, 4336, -67, 86.76, 9.50
31.15, 4332, -66, 86.76, 9.50
31.20, 4326, -66, 86.76, 9.50
31.25, 4319, -65, 86.76, 9.50
31.30, 4313, -64, 86.76, 9.50
31.35, 4310, -63, 86.76, 9.50
31.40, 4312, -62, 86.76, 9.50
31.45, 4305, -62, 86.76, 9.50
31.50, 4300, -63, 86.76, 9.50
31.55, 4286, -63, 86.74, 9.50
31.60, 4273, -64, 86.74, 9.50
31.65, 4263, -64, 86.76, 9.50
31.70, 4261, -62, 86.76, 9.50
31.75, 4258, -60, 86.76, 9.50
31.80, 4254, -59, 86.76, 9.40
31.85, 4255, -59, 86.76, 9.50
31.90, 4249, -60, 86.76, 9.50
31.95, 4254, -64, 86.76, 9.50
32.00, 4253, -68, 86.76, 9.50
32.05, 4251, -72, 86.74, 9.50
32.10, 4246, -74, 86.74, 9.50
32.15, 4242, -75, 86.72, 9.50
32.20, 4235, -75, 86.74, 9.50
32.25, 4232, -73, 86.72, 9.50
32.30, 4237, -72, 86.72, 9.50
32.35, 4232, -71, 86.72, 9.50
32.40, 4229, -69, 86.72, 9.50
32.45, 4225, -67, 86.72, 9.50
32.50, 4224, -64, 86.72, 9.50
32.55, 4218, -61, 86.72, 9.50
32.60, 4211, -58, 86.72, 9.50
32.65, 4211, -56, 86.72, 9.50
32.70, 4210, -54, 86.72, 9.50
32.75, 4204, -53, 86.72, 9.50
32.80, 4202, -53, 86.72, 9.40
32.85, 4206, -53, 86.72, 9.50
32.90, 4201, -53, 86.74, 9.50
32.95, 4196, -55, 86.74, 9.50
33.00, 4189, -56, 86.72, 9.50
33.05, 4190, -57, 86.74, 9.50
33.10, 4183, -58, 86.76, 9.50
33.15, 4177, -59, 86.74, 9.50
33.20, 4176, -60, 86.76, 9.50
33.25, 4177, -62, 86.74, 9.50
33.30, 4171, -64, 86.76, 9.50
33.35, 4175, -65, 86.76, 9.50
33.40, 4170, -64, 86.76, 9.50
33.45, 4176, -61, 86.76, 9.50
33.50, 4165, -58, 86.76, 9.50
33.55, 4165, -56, 86.76, 9.40
33.60, 4156, -56, 86.76, 9.50
33.65, 4155, -58, 86.77, 9.50
33.70, 4155, -59, 86.74, 9.50
33.75, 4153, -59, 86.76, 9.50
33.80, 4150, -58, 86.76, 9.50
33.85, 4149, -56, 86.76, 9.50
33.90, 4146, -54, 86.76, 9.50
33.95, 4147, -54, 86.76, 9.50
34.00, 4138, -54, 86.76, 9.50
34.05, 4131, -53, 86.76, 9.50
34.10, 4128, -53, 86.76, 9.50
34.15, 4124, -52, 86.76, 9.50
34.20, 4116, -51, 86.76, 9.40
34.25, 4105, -51, 86.72, 9.50
34.30, 4098, -50, 86.72, 9.50
34.35, 4096, -49, 86.72, 9.50
34.40, 4102, -49, 86.72, 9.50
34.45, 4117, -48, 86.74, 9.50
34.50, 4124, -47, 86.72, 9.50
34.55, 4112, -48, 86.72, 9.50
34.60, 4094, -49, 86.72, 9.50
34.65, 4083, -50, 86.72, 9.50
34.70, 4082, -53, 86.72, 9.50
34.75, 4092, -55, 86.72, 9.50
34.80, 4099, -56, 86.72, 9.50
34.85, 4101, -57, 86.72, 9.50
34.90, 4092, -56, 86.72, 9.50
34.95, 4085, -55, 86.72, 9.50
35.00, 4082, -54, 86.72, 9.50
35.05, 4078, -52, 86.70, 9.50
35.10, 4076, -50, 86.70, 9.50
35.15, 4081, -47, 86.70, 9.50
35.20, 4074, -44, 86.70, 9.50
35.25, 4074, -42, 86.70, 9.50
35.30, 4077, -41, 86.70, 9.50
35.35, 4078, -43, 86.70, 9.50
35.40, 4080, -47, 86.70, 9.50
35.45, 4075, -51, 86.70, 9.50
35.50, 4074, -52, 86.70, 9.50
35.55, 4066, -51, 86.70, 9.50
35.60, 4057, -49, 86.70, 9.50
35.65, 4054, -50, 86.70, 9.50
35.70, 4040, -53, 86.70, 9.50
35.75, 4038, -58, 86.70, 9.50
35.80, 4037, -64, 86.70, 9.50
35.85, 4035, -68, 86.70, 9.50
35.90, 4036, -69, 86.70, 9.50
35.95, 4036, -69, 86.70, 9.50
36.00, 4026, -69, 86.70, 9.50
36.05, 4027, -69, 86.70, 9.50
36.10, 4030, -68, 86.70, 9.50
36.15, 4032, -68, 86.70, 9.50
36.20, 4030, -68, 86.70, 9.50
36.25, 4024, -67, 86.70, 9.50
36.30, 4022, -67, 86.70, 9.50
36.35, 4015, -67, 86.70, 9.50
36.40, 4004, -68, 86.70, 9.50
36.45, 4007, -67, 86.70, 9.50
36.50, 4009, -66, 86.70, 9.50
36.55, 4008, -64, 86.70, 9.50
36.60, 4004, -62, 86.70, 9.50
36.65, 3987, -60, 86.70, 9.50
36.70, 3975, -60, 86.70, 9.50
36.75, 3963, -61, 86.70, 9.50
36.80, 3961, -64, 86.70, 9.50
36.85, 3954, -66, 86.70, 9.50
36.90, 3953, -69, 86.68, 9.50
36.95, 3948, -70, 86.68, 9.50
37.00, 3946, -69, 86.67, 9.50
37.05, 3943, -68, 86.68, 9.50
37.10, 3942, -67, 86.67, 9.50
37.15, 3942, -65, 86.67, 9.50
37.20, 3946, -63, 86.67, 9.50
37.25, 3952, -61, 86.67, 9.50
37.30, 3949, -60, 86.67, 9.50
37.35, 3944, -59, 86.67, 9.50
37.40, 3936, -59, 86.67, 9.50
37.45, 3944, -59, 86.67, 9.50
37.50, 3944, -59, 86.65, 9.50
37.55, 3938, -58, 86.67, 9.50
37.60, 3937, -56, 86.67, 9.50
37.65, 3934, -54, 86.67, 9.50
37.70, 3922, -51, 86.65, 9.50
37.75, 3912, -50, 86.65, 9.50
37.80, 3905, -50, 86.65, 9.50
37.85, 3899, -50, 86.63, 9.50
37.90, 3892, -51, 86.65, 9.50
37.95, 3890, -50, 86.63, 9.50
38.00, 3895, -49, 86.67, 9.50
38.05, 3898, -48, 86.63, 9.50
38.10, 3906, -48, 86.63, 9.50
38.15, 3908, -49, 86.63, 9.50
38.20, 3905, -53, 86.63, 9.50
38.25, 3904, -57, 86.63, 9.50
38.30, 3900, -60, 86.61, 9.50
38.35, 3897, -62, 86.59, 9.50
38.40, 3893, -63, 86.59, 9.50
38.45, 3888, -62, 86.59, 9.50
38.50, 3887, -61, 86.61, 9.50
38.55, 3889, -59, 86.59, 9.50
38.60, 3886, -56, 86.59, 9.50
38.65, 3881, -54, 86.59, 9.50
38.70, 3875, -51, 86.59, 9.50
38.75, 3861, -49, 86.59, 9.40
38.80, 3858, -48, 86.59, 9.40
38.85, 3850, -48, 86.61, 9.50
38.90, 3846, -50, 86.59, 9.50
38.95, 3846, -53, 86.59, 9.50
39.00, 3856, -56, 86.59, 9.50
39.05, 3857, -60, 86.59, 9.50
39.10, 3853, -64, 86.59, 9.50
39.15, 3848, -67, 86.59, 9.50
39.20, 3832, -69, 86.59, 9.50
39.25, 3824, -70, 86.59, 9.50
39.30, 3822, -69, 86.59, 9.50
39.35, 3820, -68, 86.59, 9.50
39.40, 3815, -67, 86.59, 9.50
39.45, 3819, -67, 86.59, 9.50
39.50, 3824, -66, 86.59, 9.50
39.55, 3828, -67, 86.59, 9.50
39.60, 3830, -67, 86.58, 9.50
39.65, 3825, -66, 86.59, 9.50
39.70, 3817, -65, 86.59, 9.50
39.75, 3811, -64, 86.58, 9.50
39.80, 3814, -63, 86.58, 9.50
39.85, 3796, -63, 86.58, 9.50
39.90, 3786, -64, 86.58, 9.50
39.95, 3790, -66, 86.58, 9.50
40.00, 3784, -68, 86.58, 9.50
40.05, 3775, -68, 86.58, 9.50
40.10, 3771, -68, 86.56, 9.50
40.15, 3769, -66, 86.58, 9.50
40.20, 3766, -63, 86.58, 9.50
40.25, 3764, -61, 86.58, 9.40
40.30, 3762, -60, 86.58, 9.50
40.35, 3764, -61, 86.58, 9.50
40.40, 3760, -63, 86.58, 9.50
40.45, 3759, -66, 86.58, 9.50
40.50, 3760, -70, 86.58, 9.50
40.55, 3753, -72, 86.58, 9.50
40.60, 3750, -73, 86.58, 9.50
40.65, 3745, -71, 86.59, 9.50
40.70, 3741, -68, 86.58, 9.50
40.75, 3736, -65, 86.58, 9.50
40.80, 3729, -62, 86.58, 9.50
40.85, 3723, -59, 86.58, 9.50
40.90, 3723, -58, 86.58, 9.50
40.95, 3719, -58, 86.58, 9.50
41.00, 3719, -59, 86.58, 9.50
41.05, 3715, -60, 86.58, 9.50
41.10, 3715, -61, 86.58, 9.50
41.15, 3714, -62, 86.58, 9.50
41.20, 3713, -63, 86.58, 9.50
41.25, 3705, -63, 86.58, 9.50
41.30, 3703, -63, 86.58, 9.50
41.35, 3701, -63, 86.58, 9.50
41.40, 3693, -63, 86.58, 9.50
41.45, 3683, -62, 86.58, 9.50
41.50, 3677, -61, 86.58, 9.50
41.55, 3680, -61, 86.58, 9.50
41.60, 3686, -61, 86.56, 9.50
41.65, 3686, -60, 86.56, 9.50
41.70, 3685, -61, 86.56, 9.50
41.75, 3690, -62, 86.56, 9.50
41.80, 3685, -62, 86.56, 9.50
41.85, 3685, -63, 86.56, 9.50
41.90, 3678, -63, 86.56, 9.50
41.95, 3665, -62, 86.54, 9.50
42.00, 3662, -61, 86.54, 9.50
42.05, 3651, -60, 86.54, 9.50
42.10, 3646, -59, 86.54, 9.50
42.15, 3644, -59, 86.54, 9.50
42.20, 3640, -59, 86.54, 9.50
42.25, 3638, -59, 86.52, 9.50
42.30, 3637, -57, 86.52, 9.50
42.35, 3638, -56, 86.52, 9.50
42.40, 3640, -54, 86.52, 9.50
42.45, 3643, -54, 86.54, 9.50
42.50, 3632, -54, 86.54, 9.50
42.55, 3629, -56, 86.52, 9.50
42.60, 3632, -59, 86.52, 9.50
42.65, 3625, -61, 86.52, 9.50
42.70, 3618, -63, 86.52, 9.50
42.75, 3602, -63, 86.50, 9.50
42.80, 3599, -63, 86.50, 9.50
42.85, 3599, -61, 86.50, 9.50
42.90, 3601, -59, 86.50, 9.50
42.95, 3596, -56, 86.50, 9.50
43.00, 3599, -54, 86.50, 9.50
43.05, 3603, -52, 86.50, 9.50
43.10, 3602, -51, 86.49, 9.50
43.15, 3593, -51, 86.49, 9.50
43.20, 3589, -50, 86.49, 9.50
43.25, 3590, -51, 86.47, 9.50
43.30, 3587, -51, 86.49, 9.50
43.35, 3594, -52, 86.45, 9.50
43.40, 3585, -52, 86.45, 9.50
43.45, 3577, -52, 86.45, 9.50
43.50, 3569, -52, 86.43, 9.50
43.55, 3567, -52, 86.43, 9.50
43.60, 3566, -53, 86.45, 9.50
43.65, 3562, -53, 86.43, 9.40
43.70, 3563, -51, 86.41, 9.50
43.75, 3561, -50, 86.41, 9.50
43.80, 3563, -48, 86.41, 9.50
43.85, 3561, -48, 86.41, 9.50
43.90, 3558, -49, 86.41, 9.50
43.95, 3556, -51, 86.41, 9.50
44.00, 3552, -52, 86.41, 9.50
44.05, 3550, -53, 86.41, 9.50
44.10, 3541, -52, 86.41, 9.50
44.15, 3543, -50, 86.41, 9.50
44.20, 3542, -49, 86.43, 9.50
44.25, 3539, -48, 86.41, 9.50
44.30, 3537, -49, 86.43, 9.50
44.35, 3536, -49, 86.43, 9.50
44.40, 3536, -50, 86.41, 9.50
44.45, 3536, -50, 86.43, 9.50
44.50, 3532, -51, 86.43, 9.50
44.55, 3525, -52, 86.43, 9.50
44.60, 3517, -54, 86.43, 9.50
44.65, 3512, -55, 86.43, 9.50
44.70, 3508, -56, 86.45, 9.50
44.75, 3510, -57, 86.43, 9.50
44.80, 3512, -57, 86.45, 9.50
44.85, 3509, -56, 86.43, 9.50
44.90, 3495, -55, 86.43, 9.50
44.95, 3491, -54, 86.41, 9.50
45.00, 3496, -54, 86.43, 9.50
45.05, 3495, -54, 86.43, 9.50
45.10, 3496, -54, 86.41, 9.50
45.15, 3502, -55, 86.41, 9.50
45.20, 3498, -56, 86.41, 9.50
45.25, 3494, -57, 86.43, 9.50
45.30, 3490, -58, 86.41, 9.50
45.35, 3491, -59, 86.41, 9.50
45.40, 3482, -61, 86.40, 9.50
45.45, 3470, -62, 86.41, 9.50
45.50, 3465, -62, 86.41, 9.50
45.55, 3462, -61, 86.41, 9.50
45.60, 3453, -61, 86.40, 9.50
45.65, 3449, -61, 86.41, 9.50
45.70, 3452, -62, 86.40, 9.50
45.75, 3450, -63, 86.41, 9.50
45.80, 3446, -64, 86.41, 9.50
45.85, 3454, -65, 86.40, 9.50
45.90, 3451, -64, 86.41, 9.50
45.95, 3448, -63, 86.41, 9.50
46.00, 3444, -64, 86.40, 9.50
46.05, 3441, -66, 86.38, 9.50
46.10, 3438, -68, 86.40, 9.50
46.15, 3429, -70, 86.40, 9.50
46.20, 3427, -72, 86.38, 9.50
46.25, 3426, -73, 86.38, 9.50
46.30, 3420, -73, 86.38, 9.40
46.35, 3420, -73, 86.38, 9.50
46.40, 3412, -73, 86.38, 9.50
46.45, 3406, -72, 86.38, 9.50
46.50, 3405, -71, 86.36, 9.50
46.55, 3403, -70, 86.36, 9.50
46.60, 3397, -69, 86.36, 9.50
46.65, 3394, -68, 86.36, 9.50
46.70, 3384, -67, 86.36, 9.50
46.75, 3378, -67, 86.36, 9.50
46.80, 3376, -67, 86.34, 9.50
46.85, 3375, -69, 86.34, 9.50
46.90, 3376, -71, 86.32, 9.50
46.95, 3371, -72, 86.34, 9.50
47.00, 3369, -72, 86.34, 9.50
47.05, 3366, -71, 86.32, 9.40
47.10, 3358, -69, 86.32, 9.50
47.15, 3357, -66, 86.32, 9.50
47.20, 3353, -64, 86.32, 9.50
47.25, 3346, -63, 86.32, 9.50
47.30, 3346, -63, 86.32, 9.50
47.35, 3340, -63, 86.32, 9.50
47.40, 3331, -63, 86.32, 9.50
47.45, 3324, -64, 86.32, 9.50
47.50, 3323, -65, 86.32, 9.50
47.55, 3319, -65, 86.31, 9.50
47.60, 3319, -65, 86.31, 9.50
47.65, 3321, -65, 86.31, 9.40
47.70, 3321, -64, 86.29, 9.50
47.75, 3324, -63, 86.31, 9.50
47.80, 3319, -62, 86.29, 9.50
47.85, 3308, -61, 86.29, 9.50
47.90, 3302, -61, 86.29, 9.50
47.95, 3301, -60, 86.29, 9.50
48.00, 3300, -59, 86.27, 9.50
48.05, 3297, -58, 86.29, 9.50
48.10, 3308, -56, 86.29, 9.50
48.15, 3309, -55, 86.27, 9.50
48.20, 3300, -54, 86.27, 9.50
48.25, 3299, -54, 86.29, 9.50
48.30, 3294, -54, 86.27, 9.50
48.35, 3290, -55, 86.29, 9.50
48.40, 3284, -56, 86.29, 9.50
48.45, 3281, -57, 86.27, 9.50
48.50, 3270, -57, 86.27, 9.50
48.55, 3268, -58, 86.25, 9.40
48.60, 3263, -58, 86.27, 9.40
48.65, 3262, -58, 86.27, 9.50
48.70, 3260, -57, 86.29, 9.50
48.75, 3256, -56, 86.27, 9.50
48.80, 3254, -54, 86.27, 9.50
48.85, 3253, -52, 86.29, 9.50
48.90, 3255, -50, 86.27, 9.50
48.95, 3256, -50, 86.25, 9.50
49.00, 3251, -52, 86.27, 9.50
49.05, 3249, -56, 86.27, 9.50
49.10, 3252, -60, 86.25, 9.50
49.15, 3247, -63, 86.25, 9.50
49.20, 3247, -64, 86.27, 9.50
49.25, 3239, -65, 86.27, 9.50
49.30, 3230, -64, 86.25, 9.50
49.35, 3221, -62, 86.25, 9.50
49.40, 3217, -60, 86.25, 9.50
49.45, 3209, -57, 86.29, 9.50
49.50, 3206, -55, 86.27, 9.50
49.55, 3203, -54, 86.25, 9.40
49.60, 3208, -55, 86.29, 9.50
49.65, 3210, -57, 86.25, 9.50
49.70, 3209, -58, 86.27, 9.50
49.75, 3210, -59, 86.25, 9.50
49.80, 3209, -60, 86.27, 9.50
49.85, 3212, -59, 86.25, 9.50
49.90, 3207, -59, 86.25, 9.50
49.95, 3205, -58, 86.25, 9.50
50.00, 3192, -58, 86.25, 9.50
50.05, 3185, -57, 86.25, 9.50
50.10, 3179, -56, 86.25, 9.50
50.15, 3177, -56, 86.23, 9.50
50.20, 3169, -57, 86.23, 9.50
50.25, 3164, -57, 86.23, 9.50
50.30, 3166, -55, 86.23, 9.50
50.35, 3166, -53, 86.23, 9.50
50.40, 3169, -51, 86.20, 9.50
50.45, 3170, -50, 86.22, 9.50
50.50, 3167, -50, 86.20, 9.50
50.55, 3165, -52, 86.20, 9.50
50.60, 3146, -55, 86.22, 9.50
50.65, 3141, -56, 86.20, 9.50
50.70, 3139, -58, 86.20, 9.50
50.75, 3141, -58, 86.20, 9.50
50.80, 3136, -59, 86.20, 9.50
50.85, 3137, -60, 86.16, 9.50
50.90, 3141, -61, 86.16, 9.50
50.95, 3141, -61, 86.20, 9.50
51.00, 3137, -61, 86.16, 9.50
51.05, 3143, -62, 86.16, 9.50
51.10, 3141, -62, 86.16, 9.50
51.15, 3142, -62, 86.16, 9.50
51.20, 3116, -62, 86.16, 9.50
51.25, 3115, -62, 86.16, 9.50
51.30, 3118, -63, 86.16, 9.50
51.35, 3122, -64, 86.16, 9.50
51.40, 3122, -66, 86.16, 9.50
51.45, 3112, -67, 86.16, 9.50
51.50, 3100, -67, 86.16, 9.50
51.55, 3095, -67, 86.16, 9.40
51.60, 3102, -64, 86.14, 9.50
51.65, 3091, -62, 86.16, 9.50
51.70, 3097, -60, 86.14, 9.50
51.75, 3100, -58, 86.14, 9.50
51.80, 3091, -57, 86.14, 9.50
51.85, 3086, -58, 86.14, 9.50
51.90, 3083, -59, 86.14, 9.50
51.95, 3075, -61, 86.14, 9.50
52.00, 3069, -63, 86.13, 9.50
52.05, 3058, -65, 86.14, 9.50
52.10, 3051, -66, 86.11, 9.50
52.15, 3045, -67, 86.13, 9.50
52.20, 3047, -68, 86.11, 9.50
52.25, 3048, -69, 86.11, 9.50
52.30, 3047, -71, 86.11, 9.50
52.35, 3038, -72, 86.11, 9.50
52.40, 3034, -71, 86.11, 9.50
52.45, 3031, -70, 86.11, 9.50
52.50, 3029, -67, 86.11, 9.50
52.55, 3024, -65, 86.09, 9.50
52.60, 3021, -65, 86.11, 9.50
52.65, 3024, -66, 86.11, 9.50
52.70, 3031, -67, 86.07, 9.50
52.75, 3027, -69, 86.09, 9.50
52.80, 3027, -70, 86.07, 9.50
52.85, 3026, -70, 86.11, 9.50
52.90, 3024, -69, 86.11, 9.50
52.95, 3018, -66, 86.09, 9.50
53.00, 3012, -63, 86.09, 9.50
53.05, 3012, -59, 86.07, 9.50
53.10, 3002, -56, 86.07, 9.50
53.15, 2993, -53, 86.07, 9.50
53.20, 2984, -51, 86.09, 9.50
53.25, 2978, -51, 86.09, 9.50
53.30, 2976, -52, 86.07, 9.50
53.35, 2975, -54, 86.09, 9.50
53.40, 2974, -56, 86.07, 9.50
53.45, 2974, -59, 86.07, 9.50
53.50, 2973, -61, 86.07, 9.50
53.55, 2975, -63, 86.07, 9.50
53.60, 2971, -65, 86.07, 9.50
53.65, 2966, -66, 86.05, 9.50
53.70, 2958, -68, 86.04, 9.50
53.75, 2951, -70, 86.02, 9.50
53.80, 2950, -71, 86.02, 9.50
53.85, 2945, -71, 86.02, 9.40
53.90, 2941, -70, 86.00, 9.50
53.95, 2946, -68, 85.98, 9.50
54.00, 2946, -66, 85.96, 9.40
54.05, 2942, -63, 85.96, 9.50
54.10, 2951, -61, 85.95, 9.50
54.15, 2947, -59, 85.95, 9.50
54.20, 2949, -57, 85.95, 9.50
54.25, 2952, -55, 85.95, 9.50
54.30, 2933, -55, 85.93, 9.50
54.35, 2924, -54, 85.93, 9.50
54.40, 2918, -55, 85.95, 9.50
54.45, 2906, -56, 85.95, 9.50
54.50, 2900, -57, 85.93, 9.50
54.55, 2898, -58, 85.93, 9.50
54.60, 2895, -59, 85.95, 9.50
54.65, 2897, -59, 85.91, 9.50
54.70, 2891, -59, 85.93, 9.50
54.75, 2886, -59, 85.95, 9.50
54.80, 2885, -59, 85.95, 9.50
54.85, 2883, -60, 85.95, 9.50
54.90, 2883, -60, 85.95, 9.50
54.95, 2884, -61, 85.95, 9.50
55.00, 2886, -62, 85.95, 9.50
55.05, 2889, -63, 85.95, 9.50
55.10, 2878, -65, 85.95, 9.50
55.15, 2872, -66, 85.95, 9.50
55.20, 2874, -68, 85.93, 9.50
55.25, 2871, -68, 85.95, 9.50
55.30, 2871, -67, 85.95, 9.50
55.35, 2866, -66, 85.95, 9.50
55.40, 2867, -64, 85.95, 9.50
55.45, 2864, -62, 85.95, 9.50
55.50, 2854, -60, 85.95, 9.50
55.55, 2855, -59, 85.95, 9.50
55.60, 2852, -58, 85.95, 9.50
55.65, 2845, -58, 85.95, 9.50
55.70, 2836, -58, 85.95, 9.50
55.75, 2834, -57, 85.95, 9.50
55.80, 2827, -57, 85.95, 9.50
55.85, 2824, -57, 85.95, 9.50
55.90, 2828, -57, 85.93, 9.50
55.95, 2826, -56, 85.95, 9.50
56.00, 2822, -56, 85.95, 9.50
56.05, 2822, -56, 85.95, 9.50
56.10, 2820, -55, 85.93, 9.50
56.15, 2815, -55, 85.95, 9.50
56.20, 2810, -55, 85.95, 9.50
56.25, 2802, -55, 85.93, 9.50
56.30, 2797, -57, 85.93, 9.50
56.35, 2792, -59, 85.91, 9.50
56.40, 2788, -62, 85.91, 9.50
56.45, 2784, -63, 85.91, 9.50
56.50, 2786, -64, 85.91, 9.50
56.55, 2782, -62, 85.91, 9.50
56.60, 2780, -59, 85.91, 9.50
56.65, 2779, -54, 85.89, 9.50
56.70, 2775, -50, 85.89, 9.50
56.75, 2776, -50, 85.89, 9.50
56.80, 2773, -54, 85.89, 9.50
56.85, 2772, -62, 85.87, 9.50
56.90, 2774, -71, 85.89, 9.50
56.95, 2777, -78, 85.89, 9.50
57.00, 2775, -82, 85.89, 9.50
57.05, 2774, -80, 85.89, 9.50
57.10, 2770, -74, 85.87, 9.50
57.15, 2765, -67, 85.89, 9.50
57.20, 2765, -61, 85.87, 9.50
57.25, 2766, -57, 85.87, 9.50
57.30, 2751, -56, 85.87, 9.50
57.35, 2745, -55, 85.87, 9.50
57.40, 2732, -54, 85.87, 9.40
57.45, 2727, -54, 85.89, 9.50
57.50, 2730, -55, 85.86, 9.50
57.55, 2731, -56, 85.86, 9.50
57.60, 2737, -58, 85.87, 9.50
57.65, 2746, -59, 85.86, 9.50
57.70, 2757, -59, 85.86, 9.50
57.75, 2741, -58, 85.86, 9.50
57.80, 2705, -58, 85.86, 9.50
57.85, 2677, -59, 85.86, 9.50
57.90, 2660, -62, 85.86, 9.50
57.95, 2648, -66, 85.86, 9.50
58.00, 2655, -71, 85.86, 9.50
58.05, 2670, -75, 85.86, 9.50
58.10, 2687, -77, 85.86, 9.40
58.15, 2707, -78, 85.86, 9.50
58.20, 2707, -77, 85.84, 9.50
58.25, 2680, -75, 85.86, 9.50
58.30, 2673, -71, 85.86, 9.50
58.35, 2688, -68, 85.84, 9.50
58.40, 2691, -65, 85.86, 9.50
58.45, 2679, -65, 85.84, 9.50
58.50, 2670, -67, 85.84, 9.50
58.55, 2663, -69, 85.86, 9.50
58.60, 2662, -72, 85.82, 9.50
58.65, 2658, -73, 85.86, 9.50
58.70, 2660, -72, 85.84, 9.50
58.75, 2666, -67, 85.84, 9.50
58.80, 2663, -60, 85.82, 9.50
58.85, 2661, -53, 85.82, 9.50
58.90, 2645, -48, 85.82, 9.50
58.95, 2635, -46, 85.82, 9.50
59.00, 2622, -48, 85.84, 9.50
59.05, 2616, -53, 85.82, 9.50
59.10, 2610, -58, 85.82, 9.50
59.15, 2610, -62, 85.82, 9.50
59.20, 2613, -65, 85.82, 9.50
59.25, 2614, -66, 85.82, 9.50
59.30, 2610, -67, 85.82, 9.50
59.35, 2623, -68, 85.80, 9.50
59.40, 2607, -69, 85.80, 9.50
59.45, 2594, -70, 85.80, 9.50
59.50, 2596, -69, 85.80, 9.50
59.55, 2599, -68, 85.80, 9.50
59.60, 2602, -67, 85.78, 9.50
59.65, 2600, -67, 85.82, 9.50
59.70, 2596, -67, 85.78, 9.50
59.75, 2590, -66, 85.78, 9.50
59.80, 2582, -65, 85.80, 9.50
59.85, 2577, -62, 85.78, 9.50
59.90, 2570, -59, 85.80, 9.50
59.95, 2570, -56, 85.78, 9.50
60.00, 2569, -53, 85.78, 9.50
60.05, 2572, -52, 85.78, 9.50
60.10, 2574, -52, 85.78, 9.50
60.15, 2565, -53, 85.78, 9.50
60.20, 2560, -54, 85.78, 9.50
60.25, 2556, -55, 85.78, 9.50
60.30, 2550, -56, 85.77, 9.50
60.35, 2545, -57, 85.78, 9.50
60.40, 2541, -58, 85.77, 9.50
60.45, 2538, -58, 85.78, 9.50
60.50, 2532, -58, 85.77, 9.50
60.55, 2530, -58, 85.77, 9.50
60.60, 2529, -58, 85.77, 9.50
60.65, 2530, -58, 85.77, 9.50
60.70, 2537, -58, 85.77, 9.50
60.75, 2528, -58, 85.77, 9.50
60.80, 2532, -58, 85.77, 9.50
60.85, 2537, -59, 85.75, 9.50
60.90, 2533, -61, 85.75, 9.50
60.95, 2520, -63, 85.73, 9.50
61.00, 2515, -65, 85.75, 9.50
61.05, 2510, -67, 85.73, 9.50
61.10, 2508, -66, 85.73, 9.50
61.15, 2507, -65, 85.75, 9.50
61.20, 2506, -62, 85.75, 9.50
61.25, 2508, -58, 85.73, 9.50
61.30, 2499, -55, 85.73, 9.50
61.35, 2495, -52, 85.73, 9.50
61.40, 2485, -49, 85.73, 9.50
61.45, 2484, -47, 85.73, 9.50
61.50, 2483, -46, 85.73, 9.50
61.55, 2488, -46, 85.73, 9.50
61.60, 2490, -48, 85.73, 9.50
61.65, 2486, -50, 85.73, 9.50
61.70, 2472, -53, 85.73, 9.50
61.75, 2475, -55, 85.73, 9.50
61.80, 2462, -56, 85.73, 9.50
61.85, 2454, -57, 85.73, 9.50
61.90, 2446, -58, 85.71, 9.50
61.95, 2442, -59, 85.69, 9.50
62.00, 2436, -60, 85.71, 9.50
62.05, 2437, -61, 85.71, 9.50
62.10, 2437, -63, 85.73, 9.50
62.15, 2438, -64, 85.73, 9.50
62.20, 2444, -65, 85.69, 9.50
62.25, 2448, -66, 85.69, 9.50
62.30, 2440, -65, 85.69, 9.50
62.35, 2445, -65, 85.71, 9.50
62.40, 2453, -65, 85.69, 9.50
62.45, 2448, -65, 85.69, 9.40
62.50, 2446, -66, 85.69, 9.50
62.55, 2436, -67, 85.69, 9.50
62.60, 2431, -67, 85.69, 9.50
62.65, 2426, -66, 85.69, 9.50
62.70, 2426, -64, 85.69, 9.50
62.75, 2424, -60, 85.69, 9.50
62.80, 2423, -56, 85.69, 9.50
62.85, 2415, -52, 85.68, 9.50
62.90, 2410, -49, 85.68, 9.50
62.95, 2400, -47, 85.68, 9.50
63.00, 2391, -46, 85.68, 9.50
63.05, 2387, -47, 85.69, 9.50
63.10, 2381, -48, 85.68, 9.50
63.15, 2376, -50, 85.68, 9.50
63.20, 2375, -52, 85.69, 9.50
63.25, 2375, -54, 85.68, 9.50
63.30, 2368, -56, 85.68, 9.50
63.35, 2361, -59, 85.68, 9.50
63.40, 2360, -63, 85.68, 9.50
63.45, 2357, -66, 85.68, 9.50
63.50, 2357, -69, 85.68, 9.50
63.55, 2354, -70, 85.68, 9.50
63.60, 2349, -71, 85.68, 9.50
63.65, 2349, -71, 85.68, 9.50
63.70, 2351, -71, 85.68, 9.50
63.75, 2355, -70, 85.68, 9.50
63.80, 2357, -68, 85.68, 9.50
63.85, 2356, -66, 85.68, 9.50
63.90, 2354, -63, 85.68, 9.50
63.95, 2349, -60, 85.66, 9.50
64.00, 2347, -58, 85.68, 9.50
64.05, 2344, -57, 85.64, 9.50
64.10, 2342, -57, 85.66, 9.50
64.15, 2340, -57, 85.64, 9.50
64.20, 2340, -58, 85.64, 9.50
64.25, 2337, -60, 85.64, 9.50
64.30, 2335, -60, 85.66, 9.50
64.35, 2327, -61, 85.64, 9.50
64.40, 2317, -60, 85.66, 9.50
64.45, 2304, -60, 85.64, 9.50
64.50, 2297, -59, 85.64, 9.50
64.55, 2292, -58, 85.64, 9.50
64.60, 2293, -58, 85.64, 9.50
64.65, 2288, -59, 85.64, 9.50
64.70, 2279, -60, 85.64, 9.50
64.75, 2282, -61, 85.62, 9.50
64.80, 2290, -63, 85.64, 9.50
64.85, 2293, -64, 85.62, 9.50
64.90, 2284, -65, 85.64, 9.50
64.95, 2277, -66, 85.62, 9.50
65.00, 2277, -67, 85.60, 9.50
65.05, 2276, -69, 85.60, 9.50
65.10, 2266, -72, 85.62, 9.50
65.15, 2261, -75, 85.60, 9.50
65.20, 2256, -77, 85.60, 9.50
65.25, 2249, -79, 85.60, 9.50
65.30, 2242, -79, 85.60, 9.50
65.35, 2241, -76, 85.60, 9.50
65.40, 2240, -72, 85.60, 9.50
65.45, 2241, -68, 85.59, 9.50
65.50, 2241, -64, 85.60, 9.40
65.55, 2238, -62, 85.60, 9.50
65.60, 2237, -62, 85.59, 9.50
65.65, 2238, -63, 85.59, 9.50
65.70, 2235, -63, 85.59, 9.50
65.75, 2233, -63, 85.60, 9.50
65.80, 2229, -63, 85.59, 9.50
65.85, 2223, -62, 85.60, 9.50
65.90, 2222, -60, 85.57, 9.50
65.95, 2221, -58, 85.59, 9.50
66.00, 2213, -56, 85.59, 9.50
66.05, 2203, -55, 85.60, 9.50
66.10, 2193, -54, 85.57, 9.50
66.15, 2186, -52, 85.57, 9.50
66.20, 2180, -50, 85.57, 9.50
66.25, 2174, -47, 85.57, 9.50
66.30, 2171, -46, 85.57, 9.50
66.35, 2173, -47, 85.55, 9.50
66.40, 2177, -49, 85.57, 9.50
66.45, 2179, -53, 85.55, 9.50
66.50, 2178, -58, 85.55, 9.50
66.55, 2171, -63, 85.55, 9.50
66.60, 2162, -67, 85.55, 9.50
66.65, 2159, -70, 85.53, 9.50
66.70, 2158, -72, 85.51, 9.50
66.75, 2163, -72, 85.51, 9.50
66.80, 2166, -71, 85.50, 9.50
66.85, 2168, -69, 85.51, 9.50
66.90, 2170, -66, 85.48, 9.50
66.95, 2169, -63, 85.48, 9.50
67.00, 2165, -60, 85.48, 9.50
67.05, 2161, -57, 85.48, 9.50
67.10, 2157, -54, 85.48, 9.50
67.15, 2159, -52, 85.48, 9.50
67.20, 2159, -50, 85.48, 9.50
67.25, 2155, -50, 85.48, 9.50
67.30, 2159, -51, 85.44, 9.50
67.35, 2149, -53, 85.48, 9.50
67.40, 2142, -55, 85.46, 9.50
67.45, 2123, -57, 85.46, 9.50
67.50, 2114, -57, 85.44, 9.50
67.55, 2105, -56, 85.46, 9.50
67.60, 2097, -55, 85.46, 9.50
67.65, 2094, -55, 85.44, 9.50
67.70, 2085, -56, 85.46, 9.50
67.75, 2086, -57, 85.44, 9.50
67.80, 2088, -58, 85.44, 9.50
67.85, 2094, -59, 85.44, 9.50
67.90, 2096, -60, 85.44, 9.50
67.95, 2096, -62, 85.44, 9.50
68.00, 2093, -63, 85.44, 9.50
68.05, 2088, -64, 85.44, 9.50
68.10, 2086, -65, 85.44, 9.50
68.15, 2084, -67, 85.44, 9.50
68.20, 2083, -68, 85.44, 9.50
68.25, 2078, -68, 85.44, 9.50
68.30, 2070, -67, 85.44, 9.50
68.35, 2064, -64, 85.44, 9.50
68.40, 2065, -60, 85.44, 9.50
68.45, 2064, -54, 85.44, 9.50
68.50, 2057, -48, 85.44, 9.50
68.55, 2060, -44, 85.42, 9.50
68.60, 2058, -41, 85.42, 9.50
68.65, 2051, -39, 85.42, 9.50
68.70, 2049, -39, 85.42, 9.50
68.75, 2051, -41, 85.41, 9.50
68.80, 2055, -44, 85.42, 9.50
68.85, 2053, -47, 85.39, 9.50
68.90, 2049, -51, 85.39, 9.50
68.95, 2039, -55, 85.41, 9.50
69.00, 2037, -58, 85.39, 9.50
69.05, 2031, -61, 85.39, 9.50
69.10, 2030, -64, 85.39, 9.50
69.15, 2021, -66, 85.39, 9.50
69.20, 2023, -67, 85.35, 9.50
69.25, 2020, -67, 85.35, 9.50
69.30, 2021, -67, 85.35, 9.50
69.35, 2016, -66, 85.35, 9.50
69.40, 2018, -65, 85.35, 9.50
69.45, 2029, -65, 85.35, 9.50
69.50, 2020, -64, 85.35, 9.50
69.55, 2022, -64, 85.35, 9.50
69.60, 2021, -64, 85.35, 9.50
69.65, 2013, -65, 85.33, 9.40
69.70, 2008, -66, 85.35, 9.50
69.75, 2006, -67, 85.35, 9.50
69.80, 2005, -68, 85.33, 9.50
69.85, 1988, -68, 85.33, 9.50
69.90, 1989, -67, 85.35, 9.50
69.95, 1982, -66, 85.33, 9.50
70.00, 1970, -64, 85.33, 9.50
70.05, 1957, -61, 85.33, 9.50
70.10, 1953, -60, 85.33, 9.50
70.15, 1949, -58, 85.33, 9.50
70.20, 1944, -57, 85.33, 9.50
70.25, 1941, -56, 85.33, 9.50
70.30, 1939, -57, 85.33, 9.50
70.35, 1935, -58, 85.33, 9.50
70.40, 1936, -59, 85.33, 9.50
70.45, 1936, -60, 85.33, 9.50
70.50, 1933, -61, 85.33, 9.50
70.55, 1930, -63, 85.32, 9.40
70.60, 1929, -66, 85.33, 9.50
70.65, 1924, -70, 85.33, 9.50
70.70, 1922, -74, 85.33, 9.50
70.75, 1921, -77, 85.33, 9.50
70.80, 1913, -79, 85.33, 9.50
70.85, 1914, -78, 85.32, 9.50
70.90, 1912, -76, 85.33, 9.50
70.95, 1914, -73, 85.32, 9.40
71.00, 1912, -68, 85.33, 9.50
71.05, 1913, -63, 85.32, 9.50
71.10, 1910, -57, 85.32, 9.50
71.15, 1912, -53, 85.30, 9.50
71.20, 1914, -51, 85.33, 9.50
71.25, 1914, -52, 85.33, 9.50
71.30, 1907, -54, 85.30, 9.50
71.35, 1900, -56, 85.30, 9.50
71.40, 1904, -59, 85.33, 9.50
71.45, 1906, -61, 85.30, 9.50
71.50, 1907, -64, 85.30, 9.50
71.55, 1893, -66, 85.32, 9.50
71.60, 1878, -67, 85.30, 9.50
71.65, 1860, -67, 85.30, 9.50
71.70, 1850, -65, 85.30, 9.50
71.75, 1840, -63, 85.30, 9.50
71.80, 1839, -60, 85.32, 9.50
71.85, 1836, -60, 85.30, 9.50
71.90, 1834, -60, 85.32, 9.50
71.95, 1835, -62, 85.30, 9.50
72.00, 1835, -64, 85.32, 9.50
72.05, 1840, -66, 85.30, 9.50
72.10, 1853, -67, 85.30, 9.50
72.15, 1860, -69, 85.32, 9.50
72.20, 1840, -70, 85.30, 9.50
72.25, 1829, -71, 85.30, 9.50
72.30, 1828, -72, 85.30, 9.50
72.35, 1823, -73, 85.30, 9.40
72.40, 1819, -74, 85.30, 9.50
72.45, 1806, -75, 85.30, 9.50
72.50, 1800, -74, 85.30, 9.50
72.55, 1794, -71, 85.28, 9.50
72.60, 1789, -66, 85.26, 9.50
72.65, 1790, -61, 85.26, 9.50
72.70, 1797, -56, 85.28, 9.50
72.75, 1804, -52, 85.26, 9.50
72.80, 1804, -49, 85.26, 9.50
72.85, 1802, -47, 85.26, 9.50
72.90, 1789, -47, 85.26, 9.40
72.95, 1782, -48, 85.26, 9.50
73.00, 1783, -51, 85.24, 9.50
73.05, 1785, -54, 85.23, 9.50
73.10, 1778, -57, 85.24, 9.50
73.15, 1775, -58, 85.24, 9.50
73.20, 1772, -57, 85.23, 9.50
73.25, 1769, -56, 85.23, 9.40
73.30, 1765, -54, 85.23, 9.40
73.35, 1757, -52, 85.23, 9.50
73.40, 1755, -51, 85.23, 9.50
73.45, 1756, -50, 85.23, 9.50
73.50, 1750, -49, 85.23, 9.50
73.55, 1745, -49, 85.23, 9.50
73.60, 1746, -51, 85.23, 9.50
73.65, 1746, -54, 85.23, 9.50
73.70, 1745, -56, 85.23, 9.50
73.75, 1740, -59, 85.23, 9.50
73.80, 1744, -59, 85.23, 9.50
73.85, 1750, -58, 85.23, 9.50
73.90, 1752, -56, 85.23, 9.50
73.95, 1737, -52, 85.21, 9.50
74.00, 1728, -50, 85.21, 9.50
74.05, 1735, -49, 85.21, 9.50
74.10, 1739, -49, 85.21, 9.50
74.15, 1731, -52, 85.21, 9.50
74.20, 1725, -54, 85.21, 9.50
74.25, 1719, -57, 85.19, 9.50
74.30, 1721, -59, 85.19, 9.50
74.35, 1718, -60, 85.19, 9.50
74.40, 1714, -60, 85.17, 9.50
74.45, 1708, -60, 85.17, 9.50
74.50, 1701, -59, 85.17, 9.40
74.55, 1690, -59, 85.17, 9.50
74.60, 1689, -59, 85.15, 9.50
74.65, 1687, -60, 85.15, 9.50
74.70, 1685, -62, 85.15, 9.50
74.75, 1681, -65, 85.14, 9.50
74.80, 1680, -67, 85.14, 9.50
74.85, 1678, -68, 85.14, 9.50
74.90, 1685, -67, 85.14, 9.50
74.95, 1692, -65, 85.14, 9.50
75.00, 1696, -63, 85.14, 9.50
75.05, 1687, -64, 85.14, 9.50
75.10, 1673, -65, 85.10, 9.50
75.15, 1665, -66, 85.10, 9.50
75.20, 1656, -68, 85.12, 9.50
75.25, 1647, -68, 85.10, 9.50
75.30, 1641, -68, 85.12, 9.50
75.35, 1637, -67, 85.10, 9.50
75.40, 1635, -65, 85.10, 9.50
75.45, 1635, -63, 85.10, 9.50
75.50, 1631, -60, 85.10, 9.50
75.55, 1637, -58, 85.10, 9.50
75.60, 1634, -58, 85.10, 9.50
75.65, 1625, -58, 85.10, 9.50
75.70, 1616, -60, 85.08, 9.50
75.75, 1609, -63, 85.10, 9.50
75.80, 1604, -66, 85.10, 9.50
75.85, 1611, -68, 85.10, 9.40
75.90, 1621, -70, 85.10, 9.50
75.95, 1619, -71, 85.08, 9.50
76.00, 1611, -70, 85.10, 9.50
76.05, 1609, -68, 85.10, 9.50
76.10, 1600, -66, 85.08, 9.50
76.15, 1590, -64, 85.08, 9.50
76.20, 1588, -61, 85.08, 9.50
76.25, 1587, -57, 85.08, 9.50
76.30, 1587, -53, 85.08, 9.50
76.35, 1584, -50, 85.08, 9.50
76.40, 1584, -48, 85.08, 9.50
76.45, 1584, -48, 85.08, 9.50
76.50, 1583, -50, 85.08, 9.50
76.55, 1580, -53, 85.08, 9.50
76.60, 1576, -54, 85.06, 9.50
76.65, 1570, -54, 85.05, 9.50
76.70, 1560, -51, 85.08, 9.50
76.75, 1551, -48, 85.05, 9.50
76.80, 1544, -48, 85.05, 9.50
76.85, 1545, -50, 85.05, 9.50
76.90, 1549, -54, 85.05, 9.50
76.95, 1555, -58, 85.05, 9.50
77.00, 1556, -61, 85.05, 9.50
77.05, 1546, -62, 85.03, 9.50
77.10, 1536, -61, 85.03, 9.50
77.15, 1536, -59, 85.01, 9.50
77.20, 1531, -57, 85.01, 9.50
77.25, 1544, -55, 85.01, 9.40
77.30, 1543, -54, 85.01, 9.50
77.35, 1541, -55, 85.01, 9.50
77.40, 1551, -56, 85.01, 9.50
77.45, 1546, -57, 84.99, 9.50
77.50, 1524, -58, 84.99, 9.50
77.55, 1520, -57, 84.99, 9.50
77.60, 1507, -55, 84.99, 9.50
77.65, 1517, -53, 84.99, 9.50
77.70, 1524, -51, 84.97, 9.50
77.75, 1525, -49, 84.99, 9.50
77.80, 1522, -48, 84.97, 9.50
77.85, 1512, -49, 84.97, 9.40
77.90, 1499, -51, 84.96, 9.50
77.95, 1487, -53, 84.97, 9.50
78.00, 1482, -54, 84.97, 9.50
78.05, 1476, -54, 84.96, 9.50
78.10, 1477, -55, 84.96, 9.50
78.15, 1475, -57, 84.96, 9.50
78.20, 1482, -60, 84.94, 9.50
78.25, 1488, -64, 84.96, 9.50
78.30, 1485, -67, 84.96, 9.50
78.35, 1469, -69, 84.96, 9.50
78.40, 1469, -69, 84.96, 9.50
78.45, 1472, -67, 84.96, 9.50
78.50, 1464, -65, 84.94, 9.50
78.55, 1464, -64, 84.94, 9.40
78.60, 1464, -63, 84.96, 9.50
78.65, 1466, -64, 84.94, 9.50
78.70, 1460, -65, 84.94, 9.50
78.75, 1457, -67, 84.96, 9.50
78.80, 1449, -67, 84.94, 9.50
78.85, 1451, -67, 84.92, 9.50
78.90, 1449, -65, 84.92, 9.50
78.95, 1448, -62, 84.92, 9.50
79.00, 1439, -60, 84.96, 9.50
79.05, 1433, -59, 84.94, 9.50
79.10, 1431, -59, 84.92, 9.50
79.15, 1422, -61, 84.94, 9.50
79.20, 1414, -64, 84.94, 9.50
79.25, 1402, -67, 84.92, 9.50
79.30, 1407, -68, 84.92, 9.50
79.35, 1413, -69, 84.92, 9.50
79.40, 1410, -69, 84.92, 9.50
79.45, 1400, -70, 84.92, 9.50
79.50, 1397, -71, 84.92, 9.50
79.55, 1394, -72, 84.92, 9.50
79.60, 1394, -73, 84.92, 9.50
79.65, 1397, -73, 84.88, 9.40
79.70, 1394, -72, 84.92, 9.40
79.75, 1382, -70, 84.92, 9.50
79.80, 1379, -69, 84.92, 9.50
79.85, 1373, -67, 84.92, 9.40
79.90, 1366, -66, 84.88, 9.50
79.95, 1367, -65, 84.90, 9.50
80.00, 1367, -64, 84.88, 9.50
80.05, 1367, -62, 84.88, 9.50
80.10, 1361, -60, 84.88, 9.50
80.15, 1354, -58, 84.88, 9.50
80.20, 1351, -55, 84.87, 9.50
80.25, 1345, -53, 84.87, 9.50
80.30, 1339, -52, 84.87, 9.50
80.35, 1339, -51, 84.85, 9.50
80.40, 1332, -51, 84.83, 9.50
80.45, 1330, -52, 84.83, 9.50
80.50, 1322, -53, 84.81, 9.50
80.55, 1321, -55, 84.79, 9.50
80.60, 1319, -56, 84.78, 9.50
80.65, 1317, -58, 84.78, 9.50
80.70, 1319, -58, 84.76, 9.50
80.75, 1319, -58, 84.79, 9.50
80.80, 1321, -57, 84.76, 9.50
80.85, 1322, -55, 84.76, 9.50
80.90, 1319, -54, 84.76, 9.50
80.95, 1314, -53, 84.74, 9.50
81.00, 1312, -53, 84.76, 9.50
81.05, 1312, -51, 84.74, 9.50
81.10, 1305, -49, 84.74, 9.50
81.15, 1306, -47, 84.74, 9.50
81.20, 1308, -46, 84.70, 9.40
81.25, 1308, -46, 84.72, 9.40
81.30, 1311, -47, 84.70, 9.50
81.35, 1311, -49, 84.70, 9.50
81.40, 1301, -51, 84.70, 9.50
81.45, 1295, -51, 84.70, 9.50
81.50, 1290, -51, 84.70, 9.50
81.55, 1285, -51, 84.69, 9.50
81.60, 1279, -51, 84.70, 9.50
81.65, 1272, -51, 84.69, 9.50
81.70, 1272, -53, 84.67, 9.40
81.75, 1268, -56, 84.69, 9.50
81.80, 1266, -58, 84.70, 9.40
81.85, 1264, -60, 84.69, 9.50
81.90, 1264, -61, 84.70, 9.50
81.95, 1262, -61, 84.70, 9.40
82.00, 1261, -61, 84.70, 9.50
82.05, 1262, -62, 84.70, 9.50
82.10, 1266, -63, 84.70, 9.50
82.15, 1268, -65, 84.69, 9.40
82.20, 1260, -68, 84.70, 9.50
82.25, 1254, -70, 84.69, 9.50
82.30, 1240, -71, 84.70, 9.50
82.35, 1229, -72, 84.70, 9.50
82.40, 1225, -70, 84.70, 9.50
82.45, 1223, -68, 84.70, 9.50
82.50, 1222, -66, 84.70, 9.50
82.55, 1224, -64, 84.70, 9.50
82.60, 1220, -61, 84.70, 9.50
82.65, 1216, -59, 84.69, 9.50
82.70, 1214, -56, 84.69, 9.50
82.75, 1204, -54, 84.70, 9.50
82.80, 1198, -53, 84.69, 9.50
82.85, 1199, -53, 84.69, 9.50
82.90, 1197, -52, 84.69, 9.50
82.95, 1194, -54, 84.69, 9.50
83.00, 1191, -56, 84.69, 9.50
83.05, 1187, -60, 84.67, 9.50
83.10, 1182, -65, 84.67, 9.50
83.15, 1175, -68, 84.67, 9.50
83.20, 1170, -69, 84.67, 9.50
83.25, 1166, -67, 84.67, 9.50
83.30, 1165, -62, 84.67, 9.50
83.35, 1163, -56, 84.67, 9.50
83.40, 1166, -50, 84.65, 9.50
83.45, 1159, -47, 84.65, 9.50
83.50, 1158, -47, 84.69, 9.50
83.55, 1161, -49, 84.65, 9.50
83.60, 1160, -52, 84.65, 9.50
83.65, 1163, -54, 84.65, 9.50
83.70, 1163, -55, 84.65, 9.50
83.75, 1164, -55, 84.65, 9.50
83.80, 1162, -55, 84.61, 9.40
83.85, 1163, -56, 84.63, 9.50
83.90, 1161, -57, 84.63, 9.50
83.95, 1160, -58, 84.63, 9.50
84.00, 1149, -59, 84.61, 9.50
84.05, 1138, -60, 84.61, 9.50
84.10, 1127, -59, 84.61, 9.50
84.15, 1114, -58, 84.61, 9.50
84.20, 1109, -57, 84.61, 9.50
84.25, 1114, -56, 84.61, 9.50
84.30, 1124, -56, 84.61, 9.50
84.35, 1140, -56, 84.61, 9.50
84.40, 1143, -57, 84.60, 9.50
84.45, 1135, -59, 84.61, 9.50
84.50, 1129, -61, 84.60, 9.50
84.55, 1118, -63, 84.60, 9.50
84.60, 1108, -65, 84.60, 9.50
84.65, 1099, -67, 84.58, 9.50
84.70, 1098, -69, 84.58, 9.50
84.75, 1095, -70, 84.58, 9.50
84.80, 1092, -72, 84.58, 9.50
84.85, 1089, -73, 84.58, 9.50
84.90, 1080, -73, 84.58, 9.50
84.95, 1071, -73, 84.58, 9.50
85.00, 1068, -71, 84.58, 9.50
85.05, 1063, -67, 84.58, 9.50
85.10, 1059, -62, 84.58, 9.50
85.15, 1064, -58, 84.56, 9.50
85.20, 1059, -56, 84.56, 9.50
85.25, 1057, -58, 84.56, 9.50
85.30, 1056, -61, 84.54, 9.50
85.35, 1054, -66, 84.56, 9.50
85.40, 1048, -70, 84.56, 9.50
85.45, 1042, -71, 84.56, 9.50
85.50, 1035, -71, 84.54, 9.50
85.55, 1031, -70, 84.56, 9.50
85.60, 1032, -69, 84.54, 9.50
85.65, 1028, -67, 84.54, 9.50
85.70, 1026, -65, 84.54, 9.50
85.75, 1024, -64, 84.54, 9.50
85.80, 1020, -61, 84.54, 9.50
85.85, 1018, -58, 84.54, 9.50
85.90, 1011, -54, 84.54, 9.50
85.95, 1008, -50, 84.54, 9.50
86.00, 1003, -47, 84.54, 9.50
86.05, 1000, -45, 84.54, 9.50
86.10, 1008, -46, 84.54, 9.50
86.15, 1019, -48, 84.54, 9.50
86.20, 1013, -51, 84.54, 9.50
86.25, 1005, -53, 84.54, 9.50
86.30, 1001, -55, 84.52, 9.50
86.35, 997, -57, 84.54, 9.50
86.40, 995, -58, 84.52, 9.50
86.45, 987, -58, 84.52, 9.50
86.50, 981, -57, 84.52, 9.50
86.55, 974, -55, 84.52, 9.50
86.60, 968, -53, 84.52, 9.50
86.65, 972, -50, 84.52, 9.50
86.70, 970, -48, 84.52, 9.50
86.75, 970, -48, 84.51, 9.50
86.80, 968, -48, 84.52, 9.50
86.85, 973, -51, 84.51, 9.50
86.90, 978, -53, 84.51, 9.40
86.95, 982, -55, 84.49, 9.50
87.00, 983, -57, 84.49, 9.50
87.05, 978, -58, 84.49, 9.50
87.10, 968, -58, 84.49, 9.50
87.15, 956, -60, 84.49, 9.50
87.20, 951, -61, 84.49, 9.40
87.25, 949, -62, 84.49, 9.50
87.30, 944, -63, 84.47, 9.50
87.35, 933, -63, 84.49, 9.50
87.40, 921, -63, 84.49, 9.50
87.45, 920, -61, 84.49, 9.50
87.50, 923, -59, 84.49, 9.50
87.55, 927, -57, 84.47, 9.50
87.60, 934, -56, 84.47, 9.50
87.65, 933, -56, 84.45, 9.40
87.70, 933, -57, 84.45, 9.50
87.75, 935, -59, 84.45, 9.50
87.80, 921, -63, 84.45, 9.50
87.85, 906, -67, 84.43, 9.50
87.90, 891, -71, 84.43, 9.50
87.95, 889, -75, 84.43, 9.50
88.00, 894, -77, 84.42, 9.50
88.05, 899, -77, 84.42, 9.50
88.10, 893, -74, 84.42, 9.50
88.15, 901, -69, 84.42, 9.50
88.20, 882, -65, 84.42, 9.50
88.25, 876, -60, 84.42, 9.50
88.30, 873, -55, 84.42, 9.50
88.35, 867, -51, 84.42, 9.50
88.40, 865, -49, 84.42, 9.50
88.45, 868, -50, 84.42, 9.50
88.50, 862, -54, 84.42, 9.50
88.55, 867, -60, 84.40, 9.50
88.60, 868, -67, 84.40, 9.50
88.65, 860, -72, 84.40, 9.40
88.70, 853, -76, 84.40, 9.50
88.75, 853, -77, 84.40, 9.50
88.80, 846, -74, 84.40, 9.50
88.85, 838, -71, 84.40, 9.50
88.90, 828, -68, 84.36, 9.50
88.95, 825, -67, 84.38, 9.50
89.00, 820, -67, 84.38, 9.50
89.05, 818, -68, 84.40, 9.50
89.10, 824, -68, 84.40, 9.50
89.15, 831, -67, 84.38, 9.50
89.20, 829, -64, 84.36, 9.50
89.25, 831, -62, 84.38, 9.50
89.30, 837, -60, 84.38, 9.50
89.35, 837, -59, 84.36, 9.50
89.40, 835, -59, 84.38, 9.50
89.45, 824, -60, 84.36, 9.50
89.50, 813, -62, 84.36, 9.50
89.55, 801, -63, 84.36, 9.40
89.60, 785, -63, 84.36, 9.50
89.65, 776, -63, 84.36, 9.50
89.70, 773, -62, 84.36, 9.50
89.75, 772, -61, 84.36, 9.50
89.80, 769, -60, 84.36, 9.50
89.85, 769, -59, 84.36, 9.50
89.90, 769, -57, 84.36, 9.50
89.95, 760, -56, 84.36, 9.50
90.00, 759, -56, 84.36, 9.50
90.05, 760, -57, 84.36, 9.50
90.10, 760, -59, 84.34, 9.50
90.15, 763, -62, 84.33, 9.50
90.20, 758, -64, 84.36, 9.40
90.25, 755, -68, 84.36, 9.50
90.30, 757, -71, 84.33, 9.50
90.35, 754, -73, 84.34, 9.50
90.40, 747, -75, 84.34, 9.50
90.45, 745, -74, 84.33, 9.50
90.50, 740, -72, 84.33, 9.50
90.55, 742, -69, 84.33, 9.50
90.60, 735, -65, 84.33, 9.50
90.65, 733, -62, 84.33, 9.50
90.70, 733, -60, 84.34, 9.50
90.75, 726, -59, 84.33, 9.50
90.80, 724, -59, 84.33, 9.50
90.85, 719, -60, 84.33, 9.50
90.90, 716, -61, 84.33, 9.50
90.95, 712, -62, 84.31, 9.50
91.00, 713, -63, 84.33, 9.50
91.05, 710, -65, 84.33, 9.50
91.10, 705, -67, 84.33, 9.50
91.15, 710, -69, 84.31, 9.40
91.20, 700, -70, 84.33, 9.40
91.25, 701, -69, 84.31, 9.50
91.30, 688, -67, 84.31, 9.50
91.35, 681, -65, 84.33, 9.50
91.40, 677, -64, 84.31, 9.50
91.45, 668, -64, 84.31, 9.50
91.50, 664, -65, 84.33, 9.50
91.55, 661, -67, 84.29, 9.50
91.60, 661, -68, 84.29, 9.50
91.65, 658, -70, 84.29, 9.50
91.70, 660, -72, 84.29, 9.50
91.75, 659, -73, 84.29, 9.50
91.80, 654, -73, 84.29, 9.50
91.85, 645, -72, 84.29, 9.50
91.90, 641, -71, 84.29, 9.50
91.95, 640, -68, 84.29, 9.50
92.00, 636, -66, 84.29, 9.50
92.05, 634, -65, 84.29, 9.50
92.10, 624, -63, 84.29, 9.50
92.15, 614, -64, 84.29, 9.50
92.20, 617, -64, 84.29, 9.50
92.25, 625, -65, 84.29, 9.50
92.30, 632, -64, 84.29, 9.50
92.35, 629, -64, 84.29, 9.50
92.40, 617, -62, 84.27, 9.50
92.45, 616, -61, 84.29, 9.50
92.50, 610, -60, 84.27, 9.50
92.55, 605, -60, 84.29, 9.50
92.60, 597, -61, 84.27, 9.50
92.65, 590, -63, 84.27, 9.40
92.70, 582, -65, 84.27, 9.50
92.75, 577, -66, 84.27, 9.50
92.80, 576, -68, 84.27, 9.50
92.85, 576, -69, 84.27, 9.50
92.90, 581, -69, 84.27, 9.50
92.95, 583, -69, 84.25, 9.50
93.00, 584, -67, 84.25, 9.50
93.05, 589, -64, 84.24, 9.50
93.10, 586, -61, 84.24, 9.50
93.15, 579, -60, 84.24, 9.50
93.20, 568, -60, 84.24, 9.50
93.25, 560, -62, 84.24, 9.50
93.30, 557, -64, 84.22, 9.50
93.35, 554, -65, 84.22, 9.50
93.40, 551, -64, 84.22, 9.50
93.45, 551, -61, 84.22, 9.50
93.50, 546, -58, 84.22, 9.50
93.55, 542, -56, 84.24, 9.50
93.60, 537, -53, 84.22, 9.50
93.65, 533, -52, 84.20, 9.40
93.70, 526, -51, 84.20, 9.50
93.75, 524, -51, 84.20, 9.50
93.80, 508, -51, 84.20, 9.50
93.85, 507, -52, 84.20, 9.50
93.90, 502, -53, 84.18, 9.50
93.95, 502, -55, 84.20, 9.50
94.00, 500, -57, 84.20, 9.50
94.05, 509, -58, 84.20, 9.50
94.10, 515, -58, 84.20, 9.50
94.15, 507, -56, 84.18, 9.40
94.20, 500, -53, 84.18, 9.50
94.25, 494, -50, 84.18, 9.50
94.30, 494, -48, 84.18, 9.50
94.35, 496, -47, 84.18, 9.50
94.40, 497, -46, 84.18, 9.50
94.45, 497, -45, 84.18, 9.50
94.50, 496, -43, 84.18, 9.50
94.55, 495, -42, 84.18, 9.40
94.60, 492, -40, 84.18, 9.50
94.65, 484, -37, 84.18, 9.50
94.70, 480, -35, 84.18, 9.50
94.75, 477, -32, 84.18, 9.50
94.80, 478, -30, 84.18, 9.50
94.85, 478, -28, 84.18, 9.50
94.90, 475, -27, 84.18, 9.50
94.95, 472, -28, 84.18, 9.50
95.00, 469, -29, 84.18, 9.50
95.05, 467, -30, 84.18, 9.50
95.10, 468, -30, 84.16, 9.50
95.15, 468, -30, 84.16, 9.50
95.20, 464, -29, 84.16, 9.50
95.25, 464, -28, 84.16, 9.40
95.30, 463, -27, 84.18, 9.50
95.35, 463, -27, 84.15, 9.40
95.40, 461, -28, 84.15, 9.50
95.45, 461, -28, 84.15, 9.50
95.50, 460, -28, 84.15, 9.50
95.55, 460, -27, 84.15, 9.50
95.60, 460, -27, 84.15, 9.50
95.65, 458, -25, 84.15, 9.50
95.70, 457, -24, 84.15, 9.50
95.75, 456, -23, 84.15, 9.50
95.80, 454, -23, 84.15, 9.50
95.85, 451, -22, 84.15, 9.50
95.90, 450, -22, 84.15, 9.40
95.95, 449, -21, 84.15, 9.50
96.00, 448, -20, 84.13, 9.50
96.05, 448, -20, 84.15, 9.50
96.10, 447, -20, 84.13, 9.50
96.15, 445, -20, 84.11, 9.50
96.20, 443, -20, 84.11, 9.50
96.25, 443, -21, 84.11, 9.50
96.30, 443, -20, 84.13, 9.50
96.35, 442, -20, 84.11, 9.50
96.40, 442, -21, 84.11, 9.50
96.45, 441, -21, 84.11, 9.50
96.50, 440, -21, 84.11, 9.50
96.55, 437, -22, 84.11, 9.50
96.60, 436, -22, 84.11, 9.40
96.65, 434, -23, 84.11, 9.50
96.70, 434, -23, 84.09, 9.50
96.75, 433, -22, 84.11, 9.50
96.80, 432, -22, 84.09, 9.50
96.85, 432, -22, 84.09, 9.50
96.90, 432, -21, 84.07, 9.50
96.95, 432, -21, 84.07, 9.40
97.00, 429, -22, 84.07, 9.50
97.05, 427, -22, 84.07, 9.50
97.10, 426, -22, 84.07, 9.50
97.15, 427, -22, 84.07, 9.50
97.20, 423, -22, 84.07, 9.50
97.25, 423, -22, 84.07, 9.50
97.30, 423, -22, 84.07, 9.50
97.35, 421, -23, 84.07, 9.50
97.40, 421, -23, 84.07, 9.50
97.45, 420, -23, 84.07, 9.50
97.50, 418, -23, 84.07, 9.50
97.55, 414, -23, 84.07, 9.50
97.60, 414, -22, 84.07, 9.50
97.65, 412, -22, 84.07, 9.50
97.70, 412, -22, 84.07, 9.50
97.75, 412, -22, 84.07, 9.50
97.80, 410, -23, 84.07, 9.50
97.85, 408, -23, 84.07, 9.50
97.90, 407, -23, 84.07, 9.50
97.95, 408, -24, 84.06, 9.50
98.00, 405, -24, 84.06, 9.50
98.05, 403, -24, 84.06, 9.50
98.10, 402, -24, 84.06, 9.50
98.15, 402, -23, 84.06, 9.50
98.20, 401, -23, 84.06, 9.50
98.25, 398, -23, 84.06, 9.40
98.30, 398, -23, 84.06, 9.50
98.35, 397, -23, 84.06, 9.50
98.40, 396, -23, 84.06, 9.50
98.45, 396, -23, 84.04, 9.50
98.50, 393, -23, 84.06, 9.50
98.55, 392, -23, 84.02, 9.50
98.60, 392, -23, 84.02, 9.50
98.65, 391, -23, 84.02, 9.40
98.70, 390, -23, 84.02, 9.50
98.75, 389, -23, 84.02, 9.50
98.80, 387, -23, 84.02, 9.50
98.85, 387, -23, 84.04, 9.50
98.90, 384, -23, 84.02, 9.50
98.95, 383, -22, 84.02, 9.50
99.00, 381, -22, 84.02, 9.50
99.05, 381, -22, 84.02, 9.50
99.10, 379, -22, 84.02, 9.50
99.15, 379, -22, 84.00, 9.50
99.20, 379, -22, 84.02, 9.40
99.25, 378, -22, 84.00, 9.50
99.30, 377, -22, 84.00, 9.50
99.35, 373, -22, 84.02, 9.50
99.40, 374, -22, 84.00, 9.50
99.45, 373, -22, 84.00, 9.50
99.50, 370, -22, 84.02, 9.50
99.55, 370, -22, 83.98, 9.50
99.60, 368, -22, 84.00, 9.50
99.65, 366, -22, 84.02, 9.50
99.70, 366, -22, 83.98, 9.50
99.75, 365, -22, 83.98, 9.50
99.80, 366, -22, 83.98, 9.50
99.85, 364, -21, 84.00, 9.50
99.90, 361, -21, 84.00, 9.50
99.95, 363, -21, 83.98, 9.50
100.00, 360, -21, 84.00, 9.50
100.05, 360, -21, 83.98, 9.50
100.10, 358, -21, 84.00, 9.50
100.15, 357, -21, 83.98, 9.50
100.20, 355, -21, 83.98, 9.50
100.25, 354, -21, 83.98, 9.50
100.30, 353, -21, 84.00, 9.50
100.35, 352, -21, 83.98, 9.50
100.40, 352, -21, 83.98, 9.40
100.45, 350, -21, 83.98, 9.50
100.50, 350, -21, 83.98, 9.50
100.55, 349, -21, 83.98, 9.50
100.60, 347, -21, 83.98, 9.50
100.65, 348, -21, 83.97, 9.50
100.70, 347, -21, 83.98, 9.50
100.75, 346, -21, 83.98, 9.50
100.80, 344, -21, 83.97, 9.50
100.85, 343, -21, 83.98, 9.50
100.90, 341, -21, 83.98, 9.40
100.95, 341, -21, 83.98, 9.40
101.00, 340, -21, 83.98, 9.50
101.05, 341, -21, 83.97, 9.50
101.10, 339, -21, 83.97, 9.50
101.15, 336, -21, 83.98, 9.50
101.20, 336, -21, 83.97, 9.50
101.25, 336, -21, 83.97, 9.50
101.30, 332, -21, 83.97, 9.50
101.35, 331, -21, 83.98, 9.50
101.40, 330, -21, 83.98, 9.50
101.45, 330, -21, 83.97, 9.50
101.50, 329, -21, 83.95, 9.50
101.55, 328, -21, 83.95, 9.50
101.60, 327, -22, 83.95, 9.50
101.65, 326, -22, 83.95, 9.50
101.70, 325, -22, 83.95, 9.50
101.75, 324, -22, 83.95, 9.50
101.80, 322, -22, 83.98, 9.50
101.85, 322, -22, 83.97, 9.50
101.90, 319, -22, 83.95, 9.50
101.95, 319, -22, 83.95, 9.50
102.00, 317, -22, 83.95, 9.50
102.05, 316, -23, 83.95, 9.50
102.10, 316, -23, 83.95, 9.50
102.15, 315, -23, 83.95, 9.50
102.20, 314, -23, 83.95, 9.50
102.25, 314, -23, 83.95, 9.50
102.30, 311, -23, 83.95, 9.50
102.35, 310, -22, 83.95, 9.50
102.40, 310, -22, 83.95, 9.50
102.45, 309, -22, 83.95, 9.50
102.50, 308, -22, 83.95, 9.50
102.55, 305, -22, 83.95, 9.40
102.60, 305, -22, 83.95, 9.50
102.65, 303, -22, 83.95, 9.40
102.70, 304, -22, 83.95, 9.50
102.75, 301, -22, 83.95, 9.50
102.80, 301, -22, 83.95, 9.50
102.85, 300, -22, 83.95, 9.40
102.90, 299, -22, 83.95, 9.50
102.95, 295, -22, 83.95, 9.50
103.00, 295, -22, 83.95, 9.50
103.05, 294, -22, 83.93, 9.50
103.10, 293, -22, 83.93, 9.50
103.15, 290, -22, 83.95, 9.50
103.20, 290, -22, 83.93, 9.50
103.25, 289, -22, 83.95, 9.50
103.30, 287, -22, 83.93, 9.50
103.35, 288, -22, 83.93, 9.50
103.40, 288, -22, 83.93, 9.50
103.45, 287, -21, 83.93, 9.50
103.50, 285, -21, 83.93, 9.50
103.55, 284, -21, 83.93, 9.50
103.60, 282, -21, 83.93, 9.50
103.65, 282, -21, 83.93, 9.50
103.70, 281, -22, 83.93, 9.50
103.75, 279, -22, 83.93, 9.50
103.80, 277, -22, 83.93, 9.50
103.85, 276, -22, 83.93, 9.50
103.90, 276, -21, 83.93, 9.50
103.95, 276, -21, 83.93, 9.50
104.00, 275, -21, 83.93, 9.50
104.05, 273, -21, 83.93, 9.50
104.10, 272, -21, 83.93, 9.50
104.15, 271, -20, 83.93, 9.50
104.20, 271, -20, 83.91, 9.50
104.25, 270, -20, 83.93, 9.50
104.30, 268, -21, 83.93, 9.50
104.35, 267, -21, 83.93, 9.50
104.40, 267, -21, 83.91, 9.50
104.45, 266, -22, 83.91, 9.50
104.50, 266, -21, 83.89, 9.50
104.55, 263, -21, 83.91, 9.50
104.60, 262, -21, 83.91, 9.50
104.65, 260, -21, 83.89, 9.50
104.70, 259, -21, 83.91, 9.40
104.75, 259, -21, 83.91, 9.50
104.80, 258, -21, 83.89, 9.50
104.85, 255, -21, 83.89, 9.50
104.90, 255, -21, 83.89, 9.50
104.95, 255, -21, 83.89, 9.40
105.00, 252, -21, 83.89, 9.50
105.05, 252, -21, 83.89, 9.50
105.10, 251, -21, 83.89, 9.50
105.15, 250, -21, 83.89, 9.50
105.20, 251, -21, 83.89, 9.50
105.25, 248, -21, 83.89, 9.50
105.30, 246, -22, 83.89, 9.50
105.35, 245, -22, 83.89, 9.50
105.40, 244, -22, 83.89, 9.50
105.45, 243, -22, 83.89, 9.50
105.50, 243, -22, 83.89, 9.50
105.55, 243, -22, 83.89, 9.50
105.60, 242, -22, 83.86, 9.50
105.65, 240, -22, 83.88, 9.50
105.70, 239, -22, 83.86, 9.50
105.75, 236, -22, 83.88, 9.50
105.80, 236, -22, 83.86, 9.40
105.85, 236, -22, 83.86, 9.50
105.90, 234, -22, 83.86, 9.50
105.95, 234, -22, 83.86, 9.50
106.00, 233, -22, 83.86, 9.50
106.05, 231, -22, 83.86, 9.50
106.10, 231, -22, 83.84, 9.50
106.15, 230, -22, 83.84, 9.50
106.20, 227, -22, 83.86, 9.50
106.25, 227, -22, 83.86, 9.50
106.30, 224, -21, 83.86, 9.50
106.35, 223, -21, 83.86, 9.40
106.40, 223, -21, 83.86, 9.50
106.45, 223, -22, 83.84, 9.50
106.50, 220, -22, 83.86, 9.50
106.55, 219, -22, 83.84, 9.50
106.60, 217, -22, 83.86, 9.50
106.65, 216, -21, 83.84, 9.50
106.70, 216, -21, 83.84, 9.40
106.75, 216, -21, 83.84, 9.50
106.80, 214, -20, 83.84, 9.50
106.85, 213, -20, 83.84, 9.50
106.90, 212, -20, 83.84, 9.50
106.95, 210, -21, 83.84, 9.50
107.00, 209, -21, 83.84, 9.50
107.05, 208, -21, 83.82, 9.50
107.10, 206, -21, 83.82, 9.50
107.15, 207, -21, 83.80, 9.50
107.20, 206, -21, 83.80, 9.50
107.25, 205, -21, 83.80, 9.50
107.30, 204, -21, 83.80, 9.50
107.35, 202, -21, 83.80, 9.50
107.40, 202, -21, 83.80, 9.50
107.45, 200, -21, 83.80, 9.50
107.50, 199, -21, 83.80, 9.50
107.55, 200, -20, 83.79, 9.50
107.60, 199, -20, 83.79, 9.50
107.65, 197, -20, 83.79, 9.50
107.70, 196, -20, 83.77, 9.50
107.75, 197, -20, 83.77, 9.50
107.80, 197, -20, 83.77, 9.50
107.85, 195, -19, 83.77, 9.50
107.90, 194, -19, 83.77, 9.50
107.95, 192, -19, 83.77, 9.50
108.00, 189, -19, 83.77, 9.40
108.05, 190, -19, 83.77, 9.50
108.10, 189, -19, 83.77, 9.50
108.15, 187, -19, 83.77, 9.50
108.20, 185, -19, 83.77, 9.50
108.25, 183, -19, 83.77, 9.50
108.30, 184, -18, 83.77, 9.50
108.35, 182, -18, 83.77, 9.50
108.40, 181, -18, 83.77, 9.50
108.45, 180, -18, 83.77, 9.50
108.50, 180, -18, 83.77, 9.50
108.55, 178, -19, 83.77, 9.50
108.60, 178, -19, 83.77, 9.50
108.65, 177, -20, 83.77, 9.50
108.70, 177, -20, 83.75, 9.50
108.75, 175, -20, 83.75, 9.50
108.80, 175, -21, 83.75, 9.50
108.85, 175, -21, 83.73, 9.40
108.90, 173, -20, 83.75, 9.50
108.95, 173, -20, 83.73, 9.50
109.00, 173, -20, 83.73, 9.50
109.05, 170, -20, 83.73, 9.50
109.10, 170, -19, 83.73, 9.50
109.15, 169, -19, 83.73, 9.50
109.20, 169, -19, 83.73, 9.50
109.25, 168, -18, 83.73, 9.50
109.30, 167, -18, 83.73, 9.50
109.35, 166, -18, 83.73, 9.40
109.40, 164, -18, 83.73, 9.50
109.45, 165, -18, 83.71, 9.50
109.50, 163, -18, 83.73, 9.50
109.55, 160, -18, 83.73, 9.50
109.60, 160, -18, 83.73, 9.50
109.65, 158, -18, 83.73, 9.50
109.70, 157, -18, 83.71, 9.50
109.75, 155, -18, 83.73, 9.50
109.80, 155, -18, 83.73, 9.50
109.85, 153, -18, 83.71, 9.40
109.90, 153, -18, 83.73, 9.50
109.95, 152, -19, 83.73, 9.50
110.00, 151, -19, 83.71, 9.50
110.05, 149, -19, 83.73, 9.50
110.10, 151, -19, 83.71, 9.50
110.15, 148, -19, 83.73, 9.50
110.20, 149, -19, 83.71, 9.50
110.25, 149, -19, 83.71, 9.50
110.30, 146, -19, 83.71, 9.50
110.35, 146, -19, 83.71, 9.50
110.40, 146, -19, 83.71, 9.50
110.45, 145, -19, 83.71, 9.50
110.50, 144, -18, 83.71, 9.50
110.55, 142, -18, 83.71, 9.50
110.60, 142, -18, 83.71, 9.50
110.65, 142, -17, 83.71, 9.50
110.70, 140, -17, 83.71, 9.50
110.75, 141, -17, 83.70, 9.50
110.80, 140, -17, 83.71, 9.50
110.85, 138, -17, 83.71, 9.50
110.90, 136, -17, 83.71, 9.50
110.95, 135, -17, 83.71, 9.50
111.00, 134, -17, 83.70, 9.50
111.05, 133, -18, 83.71, 9.50
111.10, 133, -18, 83.70, 9.50
111.15, 133, -18, 83.70, 9.50
111.20, 133, -18, 83.70, 9.50
111.25, 129, -18, 83.71, 9.40
111.30, 128, -18, 83.70, 9.50
111.35, 128, -18, 83.70, 9.50
111.40, 127, -18, 83.70, 9.50
111.45, 126, -18, 83.71, 9.50
111.50, 125, -18, 83.71, 9.50
111.55, 127, -18, 83.71, 9.50
111.60, 124, -18, 83.70, 9.50
111.65, 125, -18, 83.70, 9.50
111.70, 123, -18, 83.71, 9.50
111.75, 121, -18, 83.71, 9.50
111.80, 122, -18, 83.70, 9.50
111.85, 119, -18, 83.70, 9.50
111.90, 118, -17, 83.70, 9.50
111.95, 118, -17, 83.71, 9.50
112.00, 116, -17, 83.70, 9.50
112.05, 114, -17, 83.71, 9.50
112.10, 114, -17, 83.70, 9.50
112.15, 113, -17, 83.68, 9.50
112.20, 112, -18, 83.70, 9.50
112.25, 112, -17, 83.70, 9.50
112.30, 111, -17, 83.68, 9.50
112.35, 110, -17, 83.68, 9.50
112.40, 107, -18, 83.68, 9.50
112.45, 109, -18, 83.68, 9.40
112.50, 109, -18, 83.68, 9.50
112.55, 107, -18, 83.70, 9.50
112.60, 107, -18, 83.68, 9.50
112.65, 106, -18, 83.68, 9.50
112.70, 105, -18, 83.68, 9.50
112.75, 104, -17, 83.68, 9.50
112.80, 103, -17, 83.68, 9.50
112.85, 103, -17, 83.68, 9.50
112.90, 101, -18, 83.68, 9.50
112.95, 102, -18, 83.68, 9.50
113.00, 99, -18, 83.68, 9.50
113.05, 98, -18, 83.68, 9.50
113.10, 100, -18, 83.68, 9.50
113.15, 97, -18, 83.68, 9.50
113.20, 96, -18, 83.68, 9.50
113.25, 94, -18, 83.66, 9.40
113.30, 94, -18, 83.66, 9.50
113.35, 92, -18, 83.66, 9.50
113.40, 93, -18, 83.64, 9.50
113.45, 91, -18, 83.64, 9.50
113.50, 91, -19, 83.66, 9.50
113.55, 90, -19, 83.66, 9.40
113.60, 88, -19, 83.64, 9.50
113.65, 90, -19, 83.64, 9.50
113.70, 88, -19, 83.66, 9.50
113.75, 87, -19, 83.66, 9.50
113.80, 85, -19, 83.64, 9.50
113.85, 85, -19, 83.64, 9.50
113.90, 83, -19, 83.64, 9.50
113.95, 81, -19, 83.64, 9.50
114.00, 80, -19, 83.64, 9.50
114.05, 79, -19, 83.64, 9.50
114.10, 77, -19, 83.64, 9.50
114.15, 78, -19, 83.64, 9.50
114.20, 77, -19, 83.64, 9.50
114.25, 77, -19, 83.64, 9.50
114.30, 75, -19, 83.66, 9.50
114.35, 73, -19, 83.64, 9.50
114.40, 73, -19, 83.64, 9.50
114.45, 71, -19, 83.64, 9.50
114.50, 71, -19, 83.64, 9.50
114.55, 70, -19, 83.64, 9.50
114.60, 69, -19, 83.64, 9.50
114.65, 69, -19, 83.64, 9.50
114.70, 68, -20, 83.62, 9.50
114.75, 66, -20, 83.64, 9.50
114.80, 66, -20, 83.64, 9.50
114.85, 64, -20, 83.64, 9.50
114.90, 64, -20, 83.62, 9.50
114.95, 63, -20, 83.64, 9.50
115.00, 64, -20, 83.61, 9.50
115.05, 60, -20, 83.62, 9.50
115.10, 61, -20, 83.62, 9.50
115.15, 58, -20, 83.62, 9.50
115.20, 59, -21, 83.62, 9.50
115.25, 57, -21, 83.62, 9.50
115.30, 57, -21, 83.62, 9.50
115.35, 55, -21, 83.62, 9.50
115.40, 55, -21, 83.62, 9.50
115.45, 55, -21, 83.61, 9.50
115.50, 54, -21, 83.61, 9.50
115.55, 52, -21, 83.62, 9.50
115.60, 52, -21, 83.62, 9.50
115.65, 49, -21, 83.62, 9.50
115.70, 48, -21, 83.62, 9.50
115.75, 47, -21, 83.61, 9.40
115.80, 45, -21, 83.61, 9.50
115.85, 44, -21, 83.61, 9.50
115.90, 41, -21, 83.61, 9.50
115.95, 41, -21, 83.61, 9.50
116.00, 40, -21, 83.61, 9.50
116.05, 38, -21, 83.61, 9.50
116.10, 39, -21, 83.61, 9.50
116.15, 37, -21, 83.61, 9.50
116.20, 35, -21, 83.61, 9.50
116.25, 35, -22, 83.61, 9.50
116.30, 33, -22, 83.61, 9.50
116.35, 32, -22, 83.61, 9.50
116.40, 32, -22, 83.61, 9.40
116.45, 30, -23, 83.61, 9.50
116.50, 30, -23, 83.61, 9.50
116.55, 29, -23, 83.61, 9.50
116.60, 28, -23, 83.61, 9.50
116.65, 27, -23, 83.61, 9.40
116.70, 28, -23, 83.59, 9.50
116.75, 25, -22, 83.61, 9.50
116.80, 24, -22, 83.59, 9.50
116.85, 23, -22, 83.59, 9.50
116.90, 21, -22, 83.59, 9.50
116.95, 20, -21, 83.59, 9.50
117.00, 20, -21, 83.59, 9.50
117.05, 18, -21, 83.59, 9.50
117.10, 18, -21, 83.59, 9.50
117.15, 16, -21, 83.59, 9.50
117.20, 15, -21, 83.59, 9.50
117.25, 15, -20, 83.59, 9.50
117.30, 14, -20, 83.59, 9.50
117.35, 11, -20, 83.59, 9.50
117.40, 11, -20, 83.59, 9.50
117.45, 9, -20, 83.59, 9.50
117.50, 7, -20, 83.59, 9.50
117.55, 6, -20, 83.57, 9.50
117.60, 4, -20, 83.59, 9.50
117.65, 3, -20, 83.59, 9.50
117.70, 3, -20, 83.57, 9.50
117.75, 3, -20, 83.55, 9.50
117.80, 1, -20, 83.57, 9.50
117.85, -1, -20, 83.55, 9.50
117.90, 0, -19, 83.57, 9.50
117.95, -2, -19, 83.55, 9.50
118.00, -2, -19, 83.57, 9.50
118.05, -3, -19, 83.55, 9.50
118.10, -4, -18, 83.57, 9.50
118.15, -5, -18, 83.57, 9.50
118.20, -5, -17, 83.57, 9.50
118.25, -6, -17, 83.57, 9.50
118.30, -6, -16, 83.57, 9.50
118.35, -8, -15, 83.55, 9.50
118.40, -9, -15, 83.57, 9.50
118.45, -10, -14, 83.55, 9.50
118.50, -10, -13, 83.57, 9.50
118.55, -11, -12, 83.55, 9.50
118.60, -13, -11, 83.57, 9.50
118.65, -12, -11, 83.55, 9.50
118.70, -14, -10, 83.55, 9.50
118.75, -13, -10, 83.55, 9.50
118.80, -20, -10, 83.55, 9.50
118.85, -13, -9, 83.55, 9.50
118.90, -17, -9, 83.55, 9.50
118.95, -17, -9, 83.55, 9.40
119.00, -20, -8, 83.55, 9.50
119.05, -17, -8, 83.55, 9.40
119.10, -19, -7, 83.55, 9.50
119.15, -19, -7, 83.55, 9.50
119.20, -18, -7, 83.55, 9.50
119.25, -19, -6, 83.55, 9.50
119.30, -19, -6, 83.55, 9.50
119.35, -17, -6, 83.52, 9.50
119.40, -18, -5, 83.53, 9.50
119.45, -17, -5, 83.52, 9.50
119.50, -17, -4, 83.52, 9.50
119.55, -19, -4, 83.55, 9.50
119.60, -17, -3, 83.52, 9.50
119.65, -17, -2, 83.52, 9.40
119.70, -18, -2, 83.52, 9.50
119.75, -17, -2, 83.52, 9.50
119.80, -18, -1, 83.52, 9.50
119.85, -18, -1, 83.52, 9.50
119.90, -19, -1, 83.53, 9.50
119.95, -19, -0, 83.52, 9.50
120.00, -18, 0, 83.52, 9.40
120.05, -17, 0, 83.52, 9.50
120.10, -19, 0, 83.52, 9.50
120.15, -17, 0, 83.52, 9.50
120.20, -18, 0, 83.52, 9.50
120.25, -19, 0, 83.52, 9.50
120.30, -18, 0, 83.52, 9.50
120.35, -19, -0, 83.52, 9.50
120.40, -19, -0, 83.52, 9.50
120.45, -19, -0, 83.52, 9.50
120.50, -18, -0, 83.52, 9.40
120.55, -18, 0, 83.52, 9.50
120.60, -17, 0, 83.52, 9.40
120.65, -17, 0, 83.50, 9.50
120.70, -18, -0, 83.52, 9.50
120.75, -17, -0, 83.50, 9.50
120.80, -19, 0, 83.52, 9.50
120.85, -18, 0, 83.50, 9.50
120.90, -18, 0, 83.50, 9.50
120.95, -18, 0, 83.50, 9.50
121.00, -17, 0, 83.50, 9.50
121.05, -18, 0, 83.52, 9.50
121.10, -18, 0, 83.52, 9.50
121.15, -17, 0, 83.50, 9.50
121.20, -19, 0, 83.50, 9.50
121.25, -18, 0, 83.50, 9.40
121.30, -19, 0, 83.50, 9.50
121.35, -17, 0, 83.50, 9.50
121.40, -18, 0, 83.50, 9.50
121.45, -18, 0, 83.50, 9.50
121.50, -17, -0, 83.50, 9.50
121.55, -17, -0, 83.50, 9.50
121.60, -17, -0, 83.50, 9.50
121.65, -18, -0, 83.50, 9.50
121.70, -18, -0, 83.50, 9.50
121.75, -18, -0, 83.50, 9.50
121.80, -17, 0, 83.50, 9.50
121.85, -18, 0, 83.50, 9.50
121.90, -17, -0, 83.50, 9.50
121.95, -18, -0, 83.50, 9.50
122.00, -18, -0, 83.50, 9.50
122.05, -18, -0, 83.48, 9.50
122.10, -18, -1, 83.50, 9.50
122.15, -18, -0, 83.50, 9.50
122.20, -17, -0, 83.48, 9.40
122.25, -18, -0, 83.50, 9.50
122.30, -19, 0, 83.50, 9.50
122.35, -19, -0, 83.50, 9.50
122.40, -17, -0, 83.48, 9.50
122.45, -19, -0, 83.50, 9.50
122.50, -19, -0, 83.46, 9.50
122.55, -17, -1, 83.48, 9.40
122.60, -17, -1, 83.48, 9.50
122.65, -18, -1, 83.48, 9.50
122.70, -18, -1, 83.46, 9.50
122.75, -18, -1, 83.46, 9.50
122.80, -18, -1, 83.50, 9.50
122.85, -17, -0, 83.46, 9.50
122.90, -19, -0, 83.48, 9.50
122.95, -18, 0, 83.46, 9.50
123.00, -19, 0, 83.46, 9.50
123.05, -19, -0, 83.48, 9.40
123.10, -19, -0, 83.48, 9.40
123.15, -19, -0, 83.48, 9.50
123.20, -19, -0, 83.46, 9.50
123.25, -17, -0, 83.46, 9.40
123.30, -18, -0, 83.46, 9.50
123.35, -18, -0, 83.46, 9.50
123.40, -18, -0, 83.46, 9.50
123.45, -19, 0, 83.46, 9.50
123.50, -18, 0, 83.46, 9.40
123.55, -18, 0, 83.46, 9.50
123.60, -19, 0, 83.46, 9.50
123.65, -19, 0, 83.46, 9.50
123.70, -20, -0, 83.48, 9.50
123.75, -18, -0, 83.46, 9.50
123.80, -19, 0, 83.46, 9.50
123.85, -18, 0, 83.46, 9.50
123.90, -17, 0, 83.44, 9.50
123.95, -17, 0, 83.44, 9.50
124.00, -18, 1, 83.44, 9.50
124.05, -19, 1, 83.46, 9.50
124.10, -20, 1, 83.46, 9.50
124.15, -18, 0, 83.46, 9.40
124.20, -19, 0, 83.44, 9.50
124.25, -19, 0, 83.46, 9.50
124.30, -19, -0, 83.43, 9.50
124.35, -18, -0, 83.44, 9.50
124.40, -18, 0, 83.44, 9.50
124.45, -19, 0, 83.46, 9.50
124.50, -17, 0, 83.43, 9.50
124.55, -17, 1, 83.43, 9.50
124.60, -18, 1, 83.44, 9.50
124.65, -18, 1, 83.43, 9.50
124.70, -18, 1, 83.43, 9.50
124.75, -18, 0, 83.44, 9.50
124.80, -18, 0, 83.43, 9.40
124.85, -18, -0, 83.44, 9.50
124.90, -17, -0, 83.43, 9.50
124.95, -18, 0, 83.43, 9.50
125.00, -18, 0, 83.43, 9.50
125.05, -17, 1, 83.43, 9.50
125.10, -18, 1, 83.43, 9.50
125.15, -19, 1, 83.43, 9.50
125.20, -18, 1, 83.43, 9.50
125.25, -18, 1, 83.43, 9.40
125.30, -18, 1, 83.43, 9.50
125.35, -18, 0, 83.43, 9.50
125.40, -19, 0, 83.43, 9.50
125.45, -17, 0, 83.43, 9.50
125.50, -17, -0, 83.43, 9.50
125.55, -18, -0, 83.44, 9.50
125.60, -17, 0, 83.43, 9.50
125.65, -18, 0, 83.43, 9.50
125.70, -18, 0, 83.43, 9.50
125.75, -19, 0, 83.43, 9.50
125.80, -18, 0, 83.43, 9.50
125.85, -18, 0, 83.43, 9.50
125.90, -17, -0, 83.39, 9.50
125.95, -17, -0, 83.41, 9.50
126.00, -17, -0, 83.39, 9.40
126.05, -17, 0, 83.39, 9.50
126.10, -19, 1, 83.39, 9.50
126.15, -16, 1, 83.39, 9.50
126.20, -18, 1, 83.41, 9.50
126.25, -18, 0, 83.41, 9.50
126.30, -17, -1, 83.39, 9.50
126.35, -18, -1, 83.39, 9.50
126.40, -18, -1, 83.39, 9.50
126.45, -18, -0, 83.39, 9.50
126.50, -18, 1, 83.39, 9.50
126.55, -18, 2, 83.39, 9.50
126.60, -17, 1, 83.39, 9.50
126.65, -17, 1, 83.39, 9.40
126.70, -18, 0, 83.39, 9.50
126.75, -17, 0, 83.39, 9.50
126.80, -18, 0, 83.39, 9.50
126.85, -18, 0, 83.39, 9.50
126.90, -18, 0, 83.39, 9.50
126.95, -18, 0, 83.39, 9.50
127.00, -19, 0, 83.39, 9.50
127.05, -17, 0, 83.37, 9.50
127.10, -18, 0, 83.37, 9.50
127.15, -18, 0, 83.37, 9.50
