PerfectFlite SLCF
Firmware: 1.0
Software: 1.16
Serial Number: 5241
Apogee: PWRLOSS
Ground Elevation: 1946' MSL
NumSamps: 2167
Flight Number: 10
Main Setting: 700' AGL
Apogee Delay: 0 Seconds
Drogue At: 16.85 Seconds
Main At: 93.35 Seconds
Max Drogue Current: 3 Amps
Max Main Current: 1 Amps

Time, Altitude, Velocity, Temperature, Voltage)
0.00, -1, 0, 58.82, 9.40
0.05, 2, 33, 58.80, 9.40
0.10, 1, -5, 58.82, 9.40
0.15, 1, 8, 58.82, 9.40
0.20, -1, -0, 58.82, 9.40
0.25, 1, -5, 58.82, 9.40
0.30, 1, -7, 58.82, 9.40
0.35, 1, -6, 58.80, 9.40
0.40, 3, 6, 58.82, 9.40
0.45, -14, 30, 58.80, 9.40
0.50, 0, 59, 58.80, 9.40
0.55, 7, 90, 58.82, 9.40
0.60, 15, 117, 58.82, 9.40
0.65, 20, 126, 58.82, 9.40
0.70, 32, 126, 58.82, 9.40
0.75, 33, 119, 58.82, 9.40
0.80, 43, 111, 58.80, 9.40
0.85, 41, 111, 58.82, 9.40
0.90, 45, 118, 58.82, 9.40
0.95, 55, 131, 58.80, 9.40
1.00, 64, 150, 58.82, 9.40
1.05, 71, 172, 58.80, 9.40
1.10, 79, 195, 58.82, 9.40
1.15, 89, 222, 58.82, 9.40
1.20, 100, 246, 58.82, 9.40
1.25, 119, 264, 58.82, 9.40
1.30, 135, 273, 58.82, 9.40
1.35, 150, 271, 58.82, 9.40
1.40, 161, 263, 58.82, 9.40
1.45, 173, 256, 58.82, 9.40
1.50, 183, 257, 58.82, 9.40
1.55, 195, 268, 58.82, 9.40
1.60, 209, 290, 58.82, 9.40
1.65, 224, 317, 58.82, 9.40
1.70, 243, 345, 58.80, 9.40
1.75, 264, 369, 58.82, 9.40
1.80, 282, 388, 58.82, 9.40
1.85, 304, 402, 58.82, 9.40
1.90, 323, 414, 58.82, 9.40
1.95, 345, 427, 58.82, 9.40
2.00, 365, 440, 58.82, 9.40
2.05, 389, 456, 58.82, 9.40
2.10, 413, 472, 58.82, 9.40
2.15, 437, 488, 58.82, 9.40
2.20, 462, 501, 58.80, 9.40
2.25, 489, 512, 58.80, 9.40
2.30, 514, 521, 58.82, 9.40
2.35, 543, 531, 58.82, 9.40
2.40, 569, 544, 58.82, 9.40
2.45, 593, 563, 58.80, 9.40
2.50, 619, 586, 58.82, 9.40
2.55, 655, 609, 58.78, 9.40
2.60, 690, 628, 58.80, 9.40
2.65, 722, 641, 58.80, 9.40
2.70, 751, 648, 58.80, 9.40
2.75, 785, 649, 58.82, 9.40
2.80, 818, 648, 58.80, 9.40
2.85, 851, 645, 58.78, 9.40
2.90, 884, 641, 58.78, 9.40
2.95, 915, 635, 58.78, 9.40
3.00, 945, 629, 58.78, 9.40
3.05, 977, 624, 58.78, 9.40
3.10, 1008, 620, 58.78, 9.40
3.15, 1039, 617, 58.78, 9.40
3.20, 1069, 613, 58.78, 9.40
3.25, 1100, 610, 58.78, 9.40
3.30, 1131, 607, 58.78, 9.40
3.35, 1160, 605, 58.78, 9.40
3.40, 1190, 603, 58.78, 9.40
3.45, 1220, 600, 58.78, 9.40
3.50, 1251, 597, 58.78, 9.40
3.55, 1281, 593, 58.78, 9.40
3.60, 1311, 590, 58.78, 9.40
3.65, 1338, 588, 58.78, 9.40
3.70, 1366, 590, 58.78, 9.40
3.75, 1397, 593, 58.78, 9.40
3.80, 1428, 595, 58.78, 9.40
3.85, 1459, 597, 58.77, 9.40
3.90, 1486, 596, 58.78, 9.40
3.95, 1518, 591, 58.78, 9.40
4.00, 1548, 584, 58.77, 9.40
4.05, 1575, 576, 58.77, 9.40
4.10, 1605, 566, 58.77, 9.40
4.15, 1632, 558, 58.78, 9.40
4.20, 1659, 551, 58.77, 9.40
4.25, 1685, 544, 58.77, 9.40
4.30, 1714, 538, 58.77, 9.40
4.35, 1741, 533, 58.77, 9.40
4.40, 1766, 526, 58.77, 9.40
4.45, 1792, 520, 58.77, 9.40
4.50, 1817, 514, 58.77, 9.40
4.55, 1845, 510, 58.77, 9.40
4.60, 1868, 508, 58.77, 9.40
4.65, 1892, 509, 58.78, 9.40
4.70, 1917, 509, 58.78, 9.40
4.75, 1946, 509, 58.77, 9.40
4.80, 1972, 508, 58.75, 9.40
4.85, 1996, 505, 58.77, 9.40
4.90, 2020, 501, 58.77, 9.40
4.95, 2044, 498, 58.78, 9.40
5.00, 2070, 496, 58.77, 9.40
5.05, 2096, 493, 58.75, 9.40
5.10, 2120, 491, 58.77, 9.40
5.15, 2144, 487, 58.77, 9.40
5.20, 2167, 484, 58.77, 9.40
5.25, 2192, 480, 58.75, 9.40
5.30, 2216, 476, 58.77, 9.40
5.35, 2240, 471, 58.75, 9.40
5.40, 2263, 465, 58.75, 9.40
5.45, 2287, 459, 58.75, 9.40
5.50, 2308, 453, 58.75, 9.40
5.55, 2330, 449, 58.77, 9.40
5.60, 2352, 447, 58.77, 9.40
5.65, 2376, 445, 58.75, 9.40
5.70, 2398, 443, 58.77, 9.40
5.75, 2419, 441, 58.75, 9.40
5.80, 2441, 440, 58.75, 9.40
5.85, 2463, 440, 58.75, 9.40
5.90, 2485, 441, 58.75, 9.40
5.95, 2507, 441, 58.77, 9.40
6.00, 2530, 440, 58.75, 9.40
6.05, 2552, 438, 58.75, 9.40
6.10, 2573, 434, 58.75, 9.40
6.15, 2595, 431, 58.75, 9.40
6.20, 2616, 428, 58.75, 9.40
6.25, 2638, 425, 58.75, 9.40
6.30, 2657, 423, 58.77, 9.40
6.35, 2679, 422, 58.75, 9.40
6.40, 2702, 419, 58.75, 9.40
6.45, 2722, 417, 58.75, 9.40
6.50, 2741, 413, 58.75, 9.40
6.55, 2763, 408, 58.75, 9.40
6.60, 2783, 402, 58.75, 9.40
6.65, 2804, 396, 58.75, 9.40
6.70, 2822, 390, 58.75, 9.40
6.75, 2841, 386, 58.75, 9.40
6.80, 2859, 384, 58.75, 9.40
6.85, 2879, 384, 58.75, 9.40
6.90, 2898, 385, 58.75, 9.40
6.95, 2919, 385, 58.73, 9.40
7.00, 2937, 384, 58.75, 9.40
7.05, 2957, 382, 58.75, 9.40
7.10, 2975, 379, 58.75, 9.40
7.15, 2994, 377, 58.73, 9.40
7.20, 3013, 374, 58.75, 9.40
7.25, 3032, 372, 58.75, 9.40
7.30, 3049, 369, 58.75, 9.40
7.35, 3069, 365, 58.75, 9.40
7.40, 3087, 361, 58.75, 9.40
7.45, 3104, 358, 58.75, 9.40
7.50, 3122, 355, 58.75, 9.40
7.55, 3139, 353, 58.75, 9.40
7.60, 3157, 352, 58.75, 9.40
7.65, 3174, 352, 58.75, 9.40
7.70, 3192, 353, 58.75, 9.40
7.75, 3210, 352, 58.75, 9.40
7.80, 3228, 349, 58.75, 9.40
7.85, 3245, 345, 58.75, 9.40
7.90, 3262, 340, 58.73, 9.40
7.95, 3280, 335, 58.75, 9.40
8.00, 3294, 331, 58.75, 9.40
8.05, 3310, 329, 58.75, 9.40
8.10, 3329, 328, 58.75, 9.40
8.15, 3344, 328, 58.75, 9.40
8.20, 3359, 327, 58.75, 9.40
8.25, 3377, 324, 58.73, 9.40
8.30, 3395, 321, 58.71, 9.40
8.35, 3409, 317, 58.73, 9.40
8.40, 3423, 314, 58.75, 9.40
8.45, 3439, 312, 58.75, 9.40
8.50, 3456, 310, 58.75, 9.40
8.55, 3471, 308, 58.75, 9.40
8.60, 3487, 305, 58.75, 9.40
8.65, 3502, 302, 58.75, 9.40
8.70, 3515, 300, 58.75, 9.40
8.75, 3531, 297, 58.75, 9.40
8.80, 3546, 295, 58.75, 9.40
8.85, 3561, 295, 58.75, 9.40
8.90, 3574, 293, 58.75, 9.40
8.95, 3591, 292, 58.73, 9.40
9.00, 3603, 292, 58.75, 9.40
9.05, 3619, 290, 58.73, 9.40
9.10, 3634, 288, 58.73, 9.40
9.15, 3647, 284, 58.71, 9.40
9.20, 3663, 280, 58.71, 9.40
9.25, 3676, 275, 58.71, 9.40
9.30, 3688, 272, 58.71, 9.40
9.35, 3701, 269, 58.75, 9.40
9.40, 3716, 268, 58.73, 9.40
9.45, 3730, 267, 58.71, 9.40
9.50, 3742, 265, 58.73, 9.40
9.55, 3755, 264, 58.73, 9.40
9.60, 3769, 262, 58.73, 9.40
9.65, 3781, 262, 58.73, 9.40
9.70, 3794, 261, 58.73, 9.40
9.75, 3808, 259, 58.75, 9.40
9.80, 3821, 256, 58.73, 9.40
9.85, 3834, 251, 58.73, 9.40
9.90, 3846, 247, 58.73, 9.40
9.95, 3857, 244, 58.75, 9.40
10.00, 3868, 243, 58.73, 9.40
10.05, 3882, 243, 58.73, 9.40
10.10, 3894, 243, 58.73, 9.40
10.15, 3907, 242, 58.73, 9.40
10.20, 3918, 240, 58.73, 9.40
10.25, 3929, 238, 58.75, 9.40
10.30, 3943, 236, 58.71, 9.40
10.35, 3953, 234, 58.75, 9.40
10.40, 3965, 233, 58.73, 9.40
10.45, 3977, 231, 58.71, 9.40
10.50, 3988, 230, 58.73, 9.40
10.55, 4000, 227, 58.73, 9.40
10.60, 4011, 224, 58.73, 9.40
10.65, 4022, 220, 58.71, 9.40
10.70, 4033, 217, 58.73, 9.40
10.75, 4044, 215, 58.71, 9.40
10.80, 4053, 214, 58.73, 9.40
10.85, 4064, 214, 58.71, 9.40
10.90, 4075, 215, 58.73, 9.40
10.95, 4087, 215, 58.71, 9.40
11.00, 4097, 213, 58.71, 9.40
11.05, 4108, 209, 58.73, 9.40
11.10, 4118, 205, 58.71, 9.40
11.15, 4128, 200, 58.71, 9.40
11.20, 4137, 197, 58.73, 9.40
11.25, 4147, 194, 58.73, 9.40
11.30, 4157, 193, 58.71, 9.40
11.35, 4166, 192, 58.75, 9.40
11.40, 4176, 191, 58.73, 9.40
11.45, 4186, 189, 58.73, 9.40
11.50, 4194, 187, 58.71, 9.40
11.55, 4205, 185, 58.71, 9.40
11.60, 4213, 184, 58.75, 9.40
11.65, 4222, 182, 58.71, 9.40
11.70, 4231, 181, 58.73, 9.40
11.75, 4240, 180, 58.73, 9.40
11.80, 4250, 179, 58.71, 9.40
11.85, 4259, 177, 58.73, 9.40
11.90, 4266, 174, 58.73, 9.40
11.95, 4276, 171, 58.73, 9.40
12.00, 4284, 169, 58.71, 9.40
12.05, 4292, 167, 58.71, 9.40
12.10, 4301, 165, 58.71, 9.40
12.15, 4308, 164, 58.73, 9.40
12.20, 4317, 162, 58.71, 9.40
12.25, 4325, 160, 58.73, 9.40
12.30, 4333, 158, 58.71, 9.40
12.35, 4340, 156, 58.73, 9.40
12.40, 4348, 154, 58.71, 9.40
12.45, 4356, 152, 58.71, 9.40
12.50, 4363, 150, 58.71, 9.40
12.55, 4371, 147, 58.71, 9.40
12.60, 4378, 145, 58.73, 9.40
12.65, 4385, 142, 58.71, 9.40
12.70, 4392, 140, 58.71, 9.40
12.75, 4398, 139, 58.71, 9.40
12.80, 4406, 138, 58.73, 9.40
12.85, 4413, 137, 58.73, 9.40
12.90, 4419, 136, 58.71, 9.40
12.95, 4427, 135, 58.71, 9.40
13.00, 4432, 134, 58.75, 9.40
13.05, 4439, 133, 58.73, 9.40
13.10, 4447, 131, 58.71, 9.40
13.15, 4453, 129, 58.71, 9.40
13.20, 4459, 127, 58.71, 9.40
13.25, 4464, 125, 58.73, 9.40
13.30, 4472, 125, 58.71, 9.40
13.35, 4477, 123, 58.71, 9.40
13.40, 4484, 122, 58.71, 9.40
13.45, 4490, 120, 58.71, 9.40
13.50, 4496, 117, 58.71, 9.40
13.55, 4501, 114, 58.73, 9.40
13.60, 4506, 111, 58.73, 9.40
13.65, 4513, 109, 58.73, 9.40
13.70, 4518, 106, 58.71, 9.40
13.75, 4523, 105, 58.71, 9.40
13.80, 4527, 104, 58.75, 9.40
13.85, 4532, 103, 58.73, 9.40
13.90, 4539, 102, 58.73, 9.40
13.95, 4544, 101, 58.71, 9.40
14.00, 4548, 99, 58.75, 9.40
14.05, 4553, 97, 58.73, 9.40
14.10, 4558, 96, 58.73, 9.40
14.15, 4561, 95, 58.75, 9.40
14.20, 4568, 94, 58.71, 9.40
14.25, 4572, 92, 58.71, 9.40
14.30, 4577, 91, 58.71, 9.40
14.35, 4581, 89, 58.73, 9.40
14.40, 4584, 87, 58.73, 9.40
14.45, 4590, 86, 58.71, 9.40
14.50, 4593, 84, 58.73, 9.40
14.55, 4599, 82, 58.73, 9.40
14.60, 4602, 79, 58.73, 9.40
14.65, 4605, 77, 58.73, 9.40
14.70, 4610, 74, 58.75, 9.40
14.75, 4612, 73, 58.71, 9.40
14.80, 4616, 73, 58.71, 9.40
14.85, 4620, 72, 58.73, 9.40
14.90, 4625, 70, 58.71, 9.40
14.95, 4627, 67, 58.73, 9.40
15.00, 4630, 64, 58.71, 9.40
15.05, 4634, 61, 58.73, 9.40
15.10, 4636, 59, 58.75, 9.40
15.15, 4638, 58, 58.73, 9.40
15.20, 4642, 58, 58.73, 9.40
15.25, 4646, 58, 58.73, 9.40
15.30, 4646, 58, 58.75, 9.40
15.35, 4652, 57, 58.71, 9.40
15.40, 4653, 56, 58.71, 9.40
15.45, 4656, 54, 58.71, 9.40
15.50, 4659, 50, 58.73, 9.40
15.55, 4662, 47, 58.71, 9.40
15.60, 4663, 45, 58.73, 9.40
15.65, 4665, 42, 58.71, 9.40
15.70, 4667, 41, 58.73, 9.40
15.75, 4669, 41, 58.71, 9.40
15.80, 4672, 41, 58.73, 9.40
15.85, 4673, 41, 58.73, 9.40
15.90, 4675, 40, 58.71, 9.40
15.95, 4678, 38, 58.71, 9.40
16.00, 4680, 36, 58.75, 9.40
16.05, 4681, 33, 58.75, 9.40
16.10, 4682, 31, 58.71, 9.40
16.15, 4684, 29, 58.71, 9.40
16.20, 4685, 29, 58.71, 9.40
16.25, 4686, 27, 58.75, 9.40
16.30, 4689, 25, 58.73, 9.40
16.35, 4689, 23, 58.71, 9.40
16.40, 4691, 19, 58.73, 9.40
16.45, 4691, 16, 58.73, 9.40
16.50, 4691, 14, 58.71, 9.40
16.55, 4692, 13, 58.71, 9.40
16.60, 4692, 13, 58.73, 9.40
16.65, 4694, 14, 58.71, 9.40
16.70, 4693, 23, 58.73, 9.40
16.75, 4696, 41, 58.71, 9.40
16.80, 4695, 72, 58.73, 9.40
16.85, 4696, 121, 58.71, 9.40
16.90, 4696, 170, 59.61, 9.30
16.95, 4733, 219, 60.12, 9.30
17.00, 4736, 256, 60.19, 9.40
17.05, 4753, 274, 60.33, 9.40
17.10, 4765, 271, 60.49, 9.40
17.15, 4778, 246, 60.62, 9.40
17.20, 4806, 195, 60.76, 9.40
17.25, 4800, 127, 60.87, 9.40
17.30, 4810, 30, 60.98, 9.40
17.35, 4811, -79, 61.03, 9.40
17.40, 4792, -171, 61.09, 9.40
17.45, 4774, -250, 61.12, 9.40
17.50, 4940, -277, 61.14, 9.40
17.55, 4704, -251, 61.14, 9.40
17.60, 4723, -200, 61.14, 9.40
17.65, 4729, -126, 61.14, 9.40
17.70, 4718, -50, 61.12, 9.40
17.75, 4723, -5, 61.11, 9.40
17.80, 4724, 20, 61.09, 9.40
17.85, 4733, 28, 61.05, 9.40
17.90, 4730, 17, 61.03, 9.40
17.95, 4732, 2, 60.98, 9.40
18.00, 4729, -31, 60.98, 9.40
18.05, 4728, -85, 60.93, 9.40
18.10, 4721, -155, 60.89, 9.40
18.15, 4730, -226, 60.85, 9.40
18.20, 4714, -246, 60.82, 9.40
18.25, 4651, -180, 60.82, 9.40
18.30, 4620, -44, 60.78, 9.40
18.35, 4645, 136, 60.75, 9.40
18.40, 4679, 287, 60.71, 9.40
18.45, 4762, 331, 60.69, 9.40
18.50, 4789, 275, 60.66, 9.40
18.55, 4749, 154, 60.64, 9.40
18.60, 4739, 18, 60.62, 9.40
18.65, 4734, -60, 60.60, 9.40
18.70, 4717, -69, 60.58, 9.40
18.75, 4727, -42, 60.57, 9.40
18.80, 4727, 0, 60.53, 9.40
18.85, 4737, 21, 60.51, 9.40
18.90, 4743, 7, 60.51, 9.40
18.95, 4737, -32, 60.48, 9.40
19.00, 4736, -87, 60.48, 9.40
19.05, 4725, -144, 60.44, 9.40
19.10, 4718, -190, 60.40, 9.40
19.15, 4704, -215, 60.39, 9.40
19.20, 4678, -212, 60.37, 9.40
19.25, 4668, -189, 60.35, 9.40
19.30, 4669, -153, 60.33, 9.40
19.35, 4666, -114, 60.31, 9.40
19.40, 4660, -86, 60.30, 9.40
19.45, 4658, -72, 60.30, 9.40
19.50, 4655, -68, 60.26, 9.40
19.55, 4655, -73, 60.26, 9.40
19.60, 4650, -78, 60.26, 9.40
19.65, 4641, -78, 60.24, 9.40
19.70, 4637, -75, 60.24, 9.40
19.75, 4634, -68, 60.22, 9.40
19.80, 4633, -62, 60.21, 9.40
19.85, 4633, -59, 60.21, 9.40
19.90, 4629, -59, 60.19, 9.40
19.95, 4623, -61, 60.17, 9.40
20.00, 4621, -65, 60.17, 9.40
20.05, 4617, -66, 60.17, 9.40
20.10, 4617, -66, 60.15, 9.40
20.15, 4610, -63, 60.15, 9.40
20.20, 4607, -56, 60.15, 9.40
20.25, 4604, -47, 60.13, 9.40
20.30, 4602, -37, 60.10, 9.40
20.35, 4602, -29, 60.10, 9.40
20.40, 4603, -26, 60.12, 9.40
20.45, 4603, -29, 60.08, 9.40
20.50, 4600, -36, 60.08, 9.40
20.55, 4596, -43, 60.08, 9.40
20.60, 4593, -46, 60.06, 9.40
20.65, 4592, -45, 60.08, 9.40
20.70, 4588, -38, 60.08, 9.40
20.75, 4584, -33, 60.08, 9.40
20.80, 4589, -31, 60.04, 9.40
20.85, 4588, -32, 60.04, 9.40
20.90, 4584, -37, 60.04, 9.40
20.95, 4582, -42, 60.04, 9.40
21.00, 4577, -44, 60.04, 9.40
21.05, 4575, -43, 60.04, 9.40
21.10, 4574, -42, 60.04, 9.40
21.15, 4574, -41, 60.04, 9.40
21.20, 4572, -45, 60.03, 9.40
21.25, 4570, -53, 60.03, 9.40
21.30, 4565, -62, 60.04, 9.40
21.35, 4561, -68, 60.03, 9.40
21.40, 4558, -69, 60.03, 9.40
21.45, 4552, -63, 60.03, 9.40
21.50, 4550, -50, 60.03, 9.40
21.55, 4546, -36, 60.03, 9.40
21.60, 4549, -25, 60.01, 9.40
21.65, 4549, -19, 59.99, 9.40
21.70, 4548, -22, 60.01, 9.40
21.75, 4549, -30, 59.99, 9.40
21.80, 4545, -41, 60.01, 9.40
21.85, 4541, -50, 60.01, 9.40
21.90, 4537, -54, 59.99, 9.40
21.95, 4534, -54, 59.99, 9.40
22.00, 4533, -51, 59.99, 9.40
22.05, 4530, -48, 59.99, 9.40
22.10, 4530, -48, 59.99, 9.40
22.15, 4526, -50, 59.99, 9.40
22.20, 4523, -53, 59.99, 9.40
22.25, 4521, -55, 59.99, 9.40
22.30, 4517, -53, 59.97, 9.40
22.35, 4513, -49, 59.97, 9.40
22.40, 4513, -45, 59.97, 9.40
22.45, 4510, -40, 59.95, 9.40
22.50, 4510, -37, 59.95, 9.40
22.55, 4507, -38, 59.95, 9.40
22.60, 4506, -43, 59.95, 9.40
22.65, 4504, -50, 59.95, 9.40
22.70, 4501, -59, 59.95, 9.40
22.75, 4498, -67, 59.97, 9.40
22.80, 4492, -70, 59.95, 9.40
22.85, 4487, -70, 59.95, 9.40
22.90, 4485, -67, 59.95, 9.40
22.95, 4482, -62, 59.95, 9.40
23.00, 4481, -58, 59.95, 9.40
23.05, 4477, -56, 59.95, 9.40
23.10, 4474, -53, 59.95, 9.40
23.15, 4470, -50, 59.95, 9.40
23.20, 4470, -47, 59.95, 9.40
23.25, 4467, -43, 59.95, 9.40
23.30, 4464, -38, 59.95, 9.40
23.35, 4464, -35, 59.95, 9.40
23.40, 4463, -31, 59.95, 9.40
23.45, 4459, -28, 59.95, 9.40
23.50, 4458, -28, 59.95, 9.40
23.55, 4459, -31, 59.95, 9.40
23.60, 4459, -43, 59.95, 9.40
23.65, 4456, -77, 59.95, 9.40
23.70, 4451, -110, 59.95, 9.40
23.75, 4448, -140, 59.97, 9.40
23.80, 4442, -155, 59.99, 9.40
23.85, 4418, -125, 59.95, 9.40
23.90, 4366, -76, 59.95, 9.40
23.95, 4436, -27, 59.97, 9.40
24.00, 4431, 16, 59.99, 9.40
24.05, 4429, 29, 59.99, 9.40
24.10, 4425, 10, 60.01, 9.40
24.15, 4420, -7, 60.03, 9.40
24.20, 4422, -25, 60.03, 9.40
24.25, 4420, -35, 60.04, 9.40
24.30, 4415, -30, 60.04, 9.40
24.35, 4419, -30, 60.04, 9.40
24.40, 4415, -31, 60.04, 9.40
24.45, 4414, -36, 60.04, 9.40
24.50, 4412, -45, 60.04, 9.40
24.55, 4410, -53, 60.04, 9.40
24.60, 4407, -62, 60.06, 9.40
24.65, 4402, -68, 60.04, 9.40
24.70, 4397, -71, 60.08, 9.40
24.75, 4394, -72, 60.04, 9.40
24.80, 4392, -70, 60.04, 9.40
24.85, 4387, -69, 60.04, 9.40
24.90, 4386, -67, 60.04, 9.40
24.95, 4378, -65, 60.06, 9.40
25.00, 4380, -65, 60.04, 9.40
25.05, 4376, -63, 60.04, 9.40
25.10, 4369, -60, 60.04, 9.40
25.15, 4369, -57, 60.04, 9.40
25.20, 4365, -53, 60.04, 9.40
25.25, 4364, -52, 60.04, 9.40
25.30, 4363, -54, 60.04, 9.40
25.35, 4359, -58, 60.06, 9.40
25.40, 4356, -64, 60.04, 9.40
25.45, 4351, -67, 60.04, 9.40
25.50, 4347, -65, 60.04, 9.40
25.55, 4345, -58, 60.06, 9.40
25.60, 4340, -47, 60.04, 9.40
25.65, 4338, -36, 60.04, 9.40
25.70, 4341, -29, 60.06, 9.40
25.75, 4339, -28, 60.08, 9.40
25.80, 4340, -34, 60.04, 9.40
25.85, 4337, -46, 60.04, 9.40
25.90, 4332, -58, 60.08, 9.40
25.95, 4329, -69, 60.06, 9.40
26.00, 4324, -73, 60.08, 9.40
26.05, 4320, -70, 60.08, 9.40
26.10, 4315, -63, 60.06, 9.40
26.15, 4313, -53, 60.08, 9.40
26.20, 4312, -46, 60.08, 9.40
26.25, 4313, -42, 60.08, 9.40
26.30, 4308, -43, 60.08, 9.40
26.35, 4308, -49, 60.08, 9.40
26.40, 4304, -56, 60.08, 9.40
26.45, 4301, -64, 60.08, 9.40
26.50, 4297, -69, 60.08, 9.40
26.55, 4293, -70, 60.08, 9.40
26.60, 4288, -65, 60.08, 9.40
26.65, 4285, -58, 60.08, 9.40
26.70, 4283, -50, 60.08, 9.40
26.75, 4282, -43, 60.08, 9.40
26.80, 4281, -40, 60.08, 9.40
26.85, 4280, -40, 60.08, 9.40
26.90, 4276, -41, 60.08, 9.40
26.95, 4273, -43, 60.08, 9.40
27.00, 4273, -44, 60.08, 9.40
27.05, 4268, -44, 60.08, 9.40
27.10, 4269, -44, 60.08, 9.40
27.15, 4265, -45, 60.08, 9.40
27.20, 4263, -48, 60.08, 9.40
27.25, 4261, -53, 60.08, 9.40
27.30, 4259, -58, 60.10, 9.40
27.35, 4255, -61, 60.08, 9.40
27.40, 4249, -63, 60.08, 9.40
27.45, 4247, -64, 60.08, 9.40
27.50, 4246, -65, 60.08, 9.40
27.55, 4242, -67, 60.08, 9.40
27.60, 4239, -70, 60.08, 9.40
27.65, 4234, -74, 60.08, 9.40
27.70, 4231, -76, 60.08, 9.40
27.75, 4226, -77, 60.10, 9.40
27.80, 4221, -74, 60.10, 9.40
27.85, 4219, -69, 60.10, 9.40
27.90, 4215, -63, 60.12, 9.40
27.95, 4214, -58, 60.08, 9.40
28.00, 4209, -53, 60.12, 9.40
28.05, 4208, -52, 60.12, 9.40
28.10, 4205, -53, 60.12, 9.40
28.15, 4205, -56, 60.12, 9.40
28.20, 4202, -58, 60.12, 9.40
28.25, 4195, -56, 60.12, 9.40
28.30, 4190, -50, 60.13, 9.40
28.35, 4190, -42, 60.12, 9.40
28.40, 4191, -35, 60.12, 9.40
28.45, 4190, -34, 60.12, 9.40
28.50, 4190, -38, 60.12, 9.40
28.55, 4186, -48, 60.12, 9.40
28.60, 4181, -60, 60.13, 9.40
28.65, 4179, -71, 60.12, 9.40
28.70, 4176, -79, 60.12, 9.40
28.75, 4171, -82, 60.13, 9.40
28.80, 4163, -81, 60.12, 9.40
28.85, 4160, -76, 60.13, 9.40
28.90, 4157, -69, 60.13, 9.40
28.95, 4157, -61, 60.12, 9.40
29.00, 4152, -56, 60.13, 9.40
29.05, 4149, -53, 60.12, 9.40
29.10, 4149, -52, 60.13, 9.40
29.15, 4145, -52, 60.13, 9.40
29.20, 4142, -50, 60.12, 9.40
29.25, 4138, -47, 60.15, 9.40
29.30, 4138, -43, 60.13, 9.40
29.35, 4136, -40, 60.15, 9.40
29.40, 4133, -41, 60.15, 9.40
29.45, 4134, -44, 60.13, 9.40
29.50, 4130, -49, 60.13, 9.40
29.55, 4128, -54, 60.12, 9.40
29.60, 4123, -59, 60.13, 9.40
29.65, 4119, -60, 60.15, 9.40
29.70, 4118, -61, 60.15, 9.40
29.75, 4116, -60, 60.15, 9.40
29.80, 4110, -59, 60.15, 9.40
29.85, 4109, -59, 60.15, 9.40
29.90, 4106, -56, 60.15, 9.40
29.95, 4103, -53, 60.15, 9.40
30.00, 4099, -49, 60.15, 9.40
30.05, 4096, -46, 60.15, 9.40
30.10, 4098, -47, 60.15, 9.40
30.15, 4097, -50, 60.15, 9.40
30.20, 4091, -54, 60.15, 9.40
30.25, 4088, -57, 60.15, 9.40
30.30, 4082, -57, 60.15, 9.40
30.35, 4081, -55, 60.15, 9.40
30.40, 4081, -55, 60.15, 9.40
30.45, 4079, -56, 60.15, 9.40
30.50, 4076, -59, 60.15, 9.40
30.55, 4068, -61, 60.15, 9.40
30.60, 4068, -63, 60.15, 9.40
30.65, 4064, -60, 60.15, 9.40
30.70, 4060, -57, 60.15, 9.40
30.75, 4061, -55, 60.15, 9.40
30.80, 4056, -52, 60.15, 9.40
30.85, 4054, -50, 60.17, 9.40
30.90, 4051, -47, 60.15, 9.40
30.95, 4048, -44, 60.17, 9.40
31.00, 4047, -43, 60.17, 9.40
31.05, 4047, -45, 60.15, 9.40
31.10, 4043, -51, 60.15, 9.40
31.15, 4044, -58, 60.15, 9.40
31.20, 4034, -62, 60.15, 9.40
31.25, 4033, -63, 60.15, 9.40
31.30, 4028, -60, 60.17, 9.40
31.35, 4027, -53, 60.15, 9.40
31.40, 4025, -50, 60.17, 9.40
31.45, 4024, -52, 60.17, 9.40
31.50, 4023, -58, 60.15, 9.40
31.55, 4016, -67, 60.17, 9.40
31.60, 4015, -74, 60.17, 9.40
31.65, 4009, -75, 60.17, 9.40
31.70, 4000, -69, 60.17, 9.40
31.75, 4000, -62, 60.17, 9.40
31.80, 4000, -56, 60.17, 9.40
31.85, 3999, -54, 60.17, 9.40
31.90, 3996, -60, 60.19, 9.40
31.95, 3994, -66, 60.17, 9.40
32.00, 3985, -70, 60.19, 9.40
32.05, 3981, -68, 60.19, 9.40
32.10, 3976, -61, 60.19, 9.40
32.15, 3980, -53, 60.19, 9.40
32.20, 3976, -47, 60.21, 9.40
32.25, 3974, -46, 60.19, 9.40
32.30, 3971, -50, 60.21, 9.40
32.35, 3970, -55, 60.21, 9.40
32.40, 3965, -60, 60.21, 9.40
32.45, 3961, -64, 60.21, 9.40
32.50, 3960, -67, 60.21, 9.40
32.55, 3955, -68, 60.21, 9.40
32.60, 3951, -68, 60.21, 9.40
32.65, 3949, -68, 60.21, 9.40
32.70, 3944, -65, 60.22, 9.40
32.75, 3941, -63, 60.21, 9.40
32.80, 3939, -60, 60.21, 9.40
32.85, 3937, -56, 60.22, 9.40
32.90, 3932, -54, 60.21, 9.40
32.95, 3931, -51, 60.21, 9.40
33.00, 3927, -49, 60.21, 9.40
33.05, 3927, -47, 60.22, 9.40
33.10, 3925, -48, 60.22, 9.40
33.15, 3921, -48, 60.22, 9.40
33.20, 3918, -48, 60.22, 9.40
33.25, 3917, -48, 60.22, 9.40
33.30, 3914, -48, 60.24, 9.40
33.35, 3910, -48, 60.24, 9.40
33.40, 3911, -51, 60.24, 9.40
33.45, 3910, -55, 60.24, 9.40
33.50, 3902, -58, 60.24, 9.40
33.55, 3899, -61, 60.26, 9.40
33.60, 3897, -63, 60.24, 9.40
33.65, 3896, -64, 60.26, 9.40
33.70, 3891, -64, 60.24, 9.40
33.75, 3887, -63, 60.24, 9.40
33.80, 3884, -61, 60.24, 9.40
33.85, 3882, -57, 60.26, 9.40
33.90, 3877, -52, 60.24, 9.40
33.95, 3877, -47, 60.24, 9.40
34.00, 3875, -43, 60.26, 9.40
34.05, 3873, -42, 60.26, 9.40
34.10, 3870, -45, 60.26, 9.40
34.15, 3869, -51, 60.26, 9.40
34.20, 3868, -60, 60.26, 9.40
34.25, 3863, -68, 60.26, 9.40
34.30, 3857, -74, 60.26, 9.40
34.35, 3853, -74, 60.26, 9.40
34.40, 3849, -68, 60.26, 9.40
34.45, 3845, -61, 60.24, 9.40
34.50, 3846, -53, 60.26, 9.40
34.55, 3841, -46, 60.26, 9.40
34.60, 3844, -44, 60.26, 9.40
34.65, 3837, -42, 60.26, 9.40
34.70, 3834, -41, 60.26, 9.40
34.75, 3835, -42, 60.26, 9.40
34.80, 3834, -42, 60.26, 9.40
34.85, 3831, -44, 60.26, 9.40
34.90, 3828, -48, 60.26, 9.40
34.95, 3824, -50, 60.26, 9.40
35.00, 3822, -54, 60.26, 9.40
35.05, 3823, -58, 60.26, 9.40
35.10, 3816, -61, 60.26, 9.40
35.15, 3813, -67, 60.26, 9.40
35.20, 3811, -73, 60.26, 9.40
35.25, 3807, -78, 60.26, 9.40
35.30, 3802, -81, 60.26, 9.40
35.35, 3797, -81, 60.26, 9.40
35.40, 3791, -75, 60.28, 9.40
35.45, 3789, -67, 60.28, 9.40
35.50, 3787, -59, 60.26, 9.40
35.55, 3784, -54, 60.28, 9.40
35.60, 3784, -53, 60.30, 9.40
35.65, 3782, -55, 60.26, 9.40
35.70, 3776, -56, 60.30, 9.40
35.75, 3771, -58, 60.30, 9.40
35.80, 3772, -58, 60.30, 9.40
35.85, 3768, -57, 60.31, 9.40
35.90, 3766, -58, 60.30, 9.40
35.95, 3762, -59, 60.30, 9.40
36.00, 3760, -61, 60.30, 9.40
36.05, 3757, -62, 60.30, 9.40
36.10, 3751, -62, 60.30, 9.40
36.15, 3749, -63, 60.30, 9.40
36.20, 3748, -63, 60.30, 9.40
36.25, 3744, -64, 60.30, 9.40
36.30, 3743, -65, 60.31, 9.40
36.35, 3735, -62, 60.30, 9.40
36.40, 3730, -56, 60.31, 9.40
36.45, 3731, -48, 60.30, 9.40
36.50, 3730, -41, 60.30, 9.40
36.55, 3729, -40, 60.30, 9.40
36.60, 3727, -45, 60.30, 9.40
36.65, 3726, -55, 60.30, 9.40
36.70, 3721, -64, 60.30, 9.40
36.75, 3715, -70, 60.30, 9.40
36.80, 3711, -69, 60.30, 9.40
36.85, 3708, -65, 60.30, 9.40
36.90, 3705, -59, 60.28, 9.40
36.95, 3705, -54, 60.28, 9.40
37.00, 3702, -51, 60.28, 9.40
37.05, 3700, -50, 60.30, 9.40
37.10, 3694, -50, 60.28, 9.40
37.15, 3693, -50, 60.28, 9.40
37.20, 3691, -49, 60.28, 9.40
37.25, 3691, -49, 60.30, 9.40
37.30, 3687, -49, 60.30, 9.40
37.35, 3683, -48, 60.28, 9.40
37.40, 3679, -48, 60.30, 9.40
37.45, 3682, -48, 60.28, 9.40
37.50, 3676, -46, 60.30, 9.40
37.55, 3674, -47, 60.30, 9.40
37.60, 3674, -48, 60.26, 9.40
37.65, 3669, -50, 60.30, 9.40
37.70, 3667, -55, 60.30, 9.40
37.75, 3665, -60, 60.28, 9.40
37.80, 3662, -66, 60.30, 9.40
37.85, 3659, -72, 60.30, 9.40
37.90, 3652, -75, 60.28, 9.40
37.95, 3649, -75, 60.30, 9.40
38.00, 3644, -72, 60.30, 9.40
38.05, 3643, -65, 60.30, 9.40
38.10, 3638, -58, 60.30, 9.40
38.15, 3637, -51, 60.31, 9.40
38.20, 3634, -44, 60.30, 9.40
38.25, 3632, -39, 60.30, 9.40
38.30, 3633, -33, 60.30, 9.40
38.35, 3627, -29, 60.30, 9.40
38.40, 3628, -26, 60.31, 9.40
38.45, 3628, -29, 60.30, 9.40
38.50, 3629, -35, 60.31, 9.40
38.55, 3625, -45, 60.31, 9.40
38.60, 3621, -56, 60.31, 9.40
38.65, 3618, -67, 60.33, 9.40
38.70, 3613, -74, 60.33, 9.40
38.75, 3610, -79, 60.33, 9.40
38.80, 3606, -82, 60.31, 9.40
38.85, 3601, -81, 60.33, 9.40
38.90, 3595, -78, 60.33, 9.40
38.95, 3594, -75, 60.33, 9.40
39.00, 3589, -72, 60.33, 9.40
39.05, 3587, -70, 60.33, 9.40
39.10, 3584, -69, 60.31, 9.40
39.15, 3580, -67, 60.31, 9.40
39.20, 3574, -63, 60.31, 9.40
39.25, 3573, -57, 60.33, 9.40
39.30, 3570, -49, 60.33, 9.40
39.35, 3567, -42, 60.33, 9.40
39.40, 3569, -38, 60.33, 9.40
39.45, 3566, -38, 60.33, 9.40
39.50, 3565, -42, 60.33, 9.40
39.55, 3561, -46, 60.33, 9.40
39.60, 3559, -48, 60.33, 9.40
39.65, 3555, -46, 60.33, 9.40
39.70, 3552, -40, 60.33, 9.40
39.75, 3551, -34, 60.33, 9.40
39.80, 3551, -29, 60.33, 9.40
39.85, 3553, -26, 60.33, 9.40
39.90, 3547, -27, 60.33, 9.40
39.95, 3548, -28, 60.33, 9.40
40.00, 3545, -29, 60.33, 9.40
40.05, 3543, -28, 60.33, 9.40
40.10, 3544, -28, 60.33, 9.40
40.15, 3540, -29, 60.33, 9.40
40.20, 3542, -34, 60.33, 9.40
40.25, 3539, -42, 60.33, 9.40
40.30, 3537, -50, 60.33, 9.40
40.35, 3532, -59, 60.33, 9.40
40.40, 3530, -64, 60.33, 9.40
40.45, 3524, -68, 60.33, 9.40
40.50, 3522, -70, 60.33, 9.40
40.55, 3519, -73, 60.33, 9.40
40.60, 3517, -75, 60.31, 9.40
40.65, 3511, -76, 60.33, 9.40
40.70, 3506, -74, 60.31, 9.40
40.75, 3500, -68, 60.33, 9.40
40.80, 3499, -61, 60.33, 9.40
40.85, 3500, -55, 60.33, 9.40
40.90, 3497, -50, 60.31, 9.40
40.95, 3491, -46, 60.33, 9.40
41.00, 3490, -44, 60.33, 9.40
41.05, 3488, -41, 60.33, 9.40
41.10, 3487, -41, 60.33, 9.40
41.15, 3487, -43, 60.31, 9.40
41.20, 3483, -46, 60.33, 9.40
41.25, 3481, -51, 60.33, 9.40
41.30, 3477, -55, 60.31, 9.40
41.35, 3473, -57, 60.33, 9.40
41.40, 3471, -57, 60.33, 9.40
41.45, 3469, -57, 60.33, 9.40
41.50, 3467, -57, 60.33, 9.40
41.55, 3463, -58, 60.31, 9.40
41.60, 3458, -58, 60.33, 9.40
41.65, 3457, -58, 60.33, 9.40
41.70, 3456, -56, 60.33, 9.40
41.75, 3449, -54, 60.33, 9.40
41.80, 3449, -53, 60.33, 9.40
41.85, 3446, -52, 60.33, 9.40
41.90, 3445, -51, 60.33, 9.40
41.95, 3441, -53, 60.33, 9.40
42.00, 3438, -53, 60.33, 9.40
42.05, 3436, -54, 60.33, 9.40
42.10, 3432, -55, 60.33, 9.40
42.15, 3432, -56, 60.35, 9.40
42.20, 3426, -56, 60.33, 9.40
42.25, 3426, -57, 60.35, 9.40
42.30, 3421, -58, 60.37, 9.40
42.35, 3418, -56, 60.33, 9.40
42.40, 3416, -55, 60.35, 9.40
42.45, 3413, -54, 60.37, 9.40
42.50, 3411, -53, 60.37, 9.40
42.55, 3408, -52, 60.37, 9.40
42.60, 3406, -52, 60.37, 9.40
42.65, 3403, -51, 60.35, 9.40
42.70, 3399, -51, 60.37, 9.40
42.75, 3398, -51, 60.37, 9.40
42.80, 3396, -51, 60.37, 9.40
42.85, 3393, -53, 60.37, 9.40
42.90, 3391, -56, 60.37, 9.40
42.95, 3387, -56, 60.37, 9.40
43.00, 3383, -54, 60.37, 9.40
43.05, 3380, -49, 60.37, 9.40
43.10, 3378, -42, 60.37, 9.40
43.15, 3379, -36, 60.37, 9.40
43.20, 3376, -31, 60.35, 9.40
43.25, 3374, -31, 60.37, 9.40
43.30, 3375, -34, 60.37, 9.40
43.35, 3372, -40, 60.37, 9.40
43.40, 3370, -50, 60.37, 9.40
43.45, 3368, -62, 60.37, 9.40
43.50, 3362, -73, 60.37, 9.40
43.55, 3359, -83, 60.37, 9.40
43.60, 3354, -87, 60.37, 9.40
43.65, 3349, -83, 60.37, 9.40
43.70, 3341, -74, 60.37, 9.40
43.75, 3338, -61, 60.35, 9.40
43.80, 3338, -52, 60.37, 9.40
43.85, 3344, -49, 60.39, 9.40
43.90, 3336, -54, 60.39, 9.40
43.95, 3333, -63, 60.39, 9.40
44.00, 3327, -69, 60.39, 9.40
44.05, 3323, -69, 60.39, 9.40
44.10, 3321, -63, 60.39, 9.40
44.15, 3315, -52, 60.39, 9.40
44.20, 3315, -42, 60.39, 9.40
44.25, 3316, -39, 60.39, 9.40
44.30, 3317, -39, 60.44, 9.40
44.35, 3310, -43, 60.40, 9.40
44.40, 3309, -49, 60.44, 9.40
44.45, 3305, -54, 60.39, 9.40
44.50, 3302, -58, 60.44, 9.40
44.55, 3301, -63, 60.44, 9.40
44.60, 3299, -66, 60.44, 9.40
44.65, 3293, -68, 60.40, 9.40
44.70, 3288, -68, 60.44, 9.40
44.75, 3283, -63, 60.44, 9.40
44.80, 3282, -58, 60.44, 9.40
44.85, 3282, -56, 60.44, 9.40
44.90, 3281, -58, 60.40, 9.40
44.95, 3276, -63, 60.40, 9.40
45.00, 3271, -69, 60.44, 9.40
45.05, 3267, -73, 60.40, 9.40
45.10, 3263, -72, 60.40, 9.40
45.15, 3259, -67, 60.44, 9.40
45.20, 3258, -60, 60.39, 9.40
45.25, 3252, -52, 60.44, 9.40
45.30, 3253, -48, 60.44, 9.40
45.35, 3252, -47, 60.44, 9.40
45.40, 3249, -46, 60.44, 9.40
45.45, 3244, -47, 60.40, 9.40
45.50, 3244, -47, 60.44, 9.40
45.55, 3240, -43, 60.40, 9.40
45.60, 3236, -40, 60.44, 9.40
45.65, 3239, -38, 60.44, 9.40
45.70, 3236, -38, 60.44, 9.40
45.75, 3235, -41, 60.44, 9.40
45.80, 3231, -48, 60.44, 9.40
45.85, 3228, -53, 60.44, 9.40
45.90, 3226, -59, 60.44, 9.40
45.95, 3222, -65, 60.44, 9.40
46.00, 3221, -69, 60.44, 9.40
46.05, 3214, -72, 60.44, 9.40
46.10, 3211, -73, 60.44, 9.40
46.15, 3207, -71, 60.44, 9.40
46.20, 3202, -68, 60.40, 9.40
46.25, 3202, -63, 60.44, 9.40
46.30, 3198, -59, 60.44, 9.40
46.35, 3195, -55, 60.40, 9.40
46.40, 3193, -51, 60.39, 9.40
46.45, 3188, -48, 60.40, 9.40
46.50, 3189, -45, 60.39, 9.40
46.55, 3186, -45, 60.40, 9.40
46.60, 3186, -47, 60.39, 9.40
46.65, 3181, -50, 60.40, 9.40
46.70, 3178, -53, 60.39, 9.40
46.75, 3176, -55, 60.40, 9.40
46.80, 3172, -57, 60.40, 9.40
46.85, 3172, -59, 60.39, 9.40
46.90, 3167, -62, 60.39, 9.40
46.95, 3164, -64, 60.39, 9.40
47.00, 3160, -65, 60.39, 9.40
47.05, 3157, -63, 60.39, 9.40
47.10, 3153, -61, 60.39, 9.40
47.15, 3152, -59, 60.39, 9.40
47.20, 3147, -57, 60.39, 9.40
47.25, 3148, -59, 60.39, 9.40
47.30, 3144, -62, 60.39, 9.40
47.35, 3138, -64, 60.39, 9.40
47.40, 3135, -66, 60.40, 9.40
47.45, 3133, -64, 60.39, 9.40
47.50, 3130, -61, 60.39, 9.40
47.55, 3126, -56, 60.39, 9.40
47.60, 3122, -51, 60.39, 9.40
47.65, 3122, -47, 60.39, 9.40
47.70, 3121, -45, 60.44, 9.40
47.75, 3117, -45, 60.40, 9.40
47.80, 3116, -49, 60.39, 9.40
47.85, 3114, -55, 60.39, 9.40
47.90, 3110, -60, 60.40, 9.40
47.95, 3106, -61, 60.40, 9.40
48.00, 3102, -58, 60.39, 9.40
48.05, 3098, -51, 60.39, 9.40
48.10, 3097, -41, 60.40, 9.40
48.15, 3097, -34, 60.39, 9.40
48.20, 3097, -31, 60.40, 9.40
48.25, 3094, -33, 60.40, 9.40
48.30, 3093, -40, 60.40, 9.40
48.35, 3092, -49, 60.39, 9.40
48.40, 3086, -56, 60.40, 9.40
48.45, 3084, -61, 60.40, 9.40
48.50, 3080, -63, 60.40, 9.40
48.55, 3076, -60, 60.39, 9.40
48.60, 3072, -57, 60.44, 9.40
48.65, 3073, -55, 60.40, 9.40
48.70, 3071, -54, 60.39, 9.40
48.75, 3067, -55, 60.44, 9.40
48.80, 3061, -58, 60.44, 9.40
48.85, 3061, -59, 60.44, 9.40
48.90, 3058, -59, 60.40, 9.40
48.95, 3055, -56, 60.44, 9.40
49.00, 3050, -54, 60.44, 9.40
49.05, 3049, -50, 60.44, 9.40
49.10, 3047, -47, 60.44, 9.40
49.15, 3045, -45, 60.44, 9.40
49.20, 3043, -43, 60.44, 9.40
49.25, 3040, -44, 60.44, 9.40
49.30, 3039, -45, 60.44, 9.40
49.35, 3036, -48, 60.44, 9.40
49.40, 3034, -50, 60.44, 9.40
49.45, 3032, -51, 60.44, 9.40
49.50, 3027, -51, 60.44, 9.40
49.55, 3024, -50, 60.44, 9.40
49.60, 3024, -49, 60.44, 9.40
49.65, 3021, -50, 60.44, 9.40
49.70, 3021, -55, 60.44, 9.40
49.75, 3016, -60, 60.44, 9.40
49.80, 3011, -64, 60.44, 9.40
49.85, 3009, -65, 60.44, 9.40
49.90, 3004, -63, 60.44, 9.40
49.95, 3001, -59, 60.44, 9.40
50.00, 3001, -55, 60.44, 9.40
50.05, 2997, -53, 60.44, 9.40
50.10, 2995, -52, 60.44, 9.40
50.15, 2992, -53, 60.44, 9.40
50.20, 2990, -53, 60.44, 9.40
50.25, 2986, -53, 60.44, 9.40
50.30, 2983, -53, 60.44, 9.40
50.35, 2983, -52, 60.44, 9.40
50.40, 2979, -51, 60.44, 9.40
50.45, 2976, -49, 60.44, 9.40
50.50, 2972, -49, 60.44, 9.40
50.55, 2973, -49, 60.44, 9.40
50.60, 2970, -51, 60.40, 9.40
50.65, 2968, -54, 60.44, 9.40
50.70, 2964, -56, 60.44, 9.40
50.75, 2958, -59, 60.44, 9.40
50.80, 2960, -60, 60.44, 9.40
50.85, 2953, -59, 60.44, 9.40
50.90, 2953, -55, 60.44, 9.40
50.95, 2948, -52, 60.44, 9.40
51.00, 2945, -49, 60.44, 9.40
51.05, 2945, -49, 60.44, 9.40
51.10, 2944, -53, 60.44, 9.40
51.15, 2943, -59, 60.44, 9.40
51.20, 2933, -69, 60.44, 9.40
51.25, 2934, -76, 60.44, 9.40
51.30, 2927, -79, 60.44, 9.40
51.35, 2924, -76, 60.44, 9.40
51.40, 2918, -67, 60.44, 9.40
51.45, 2914, -54, 60.44, 9.40
51.50, 2914, -41, 60.46, 9.40
51.55, 2914, -34, 60.44, 9.40
51.60, 2915, -32, 60.44, 9.40
51.65, 2913, -38, 60.44, 9.40
51.70, 2909, -49, 60.46, 9.40
51.75, 2907, -60, 60.44, 9.40
51.80, 2901, -68, 60.46, 9.40
51.85, 2898, -69, 60.44, 9.40
51.90, 2895, -65, 60.44, 9.40
51.95, 2888, -56, 60.44, 9.40
52.00, 2888, -47, 60.44, 9.40
52.05, 2888, -41, 60.44, 9.40
52.10, 2889, -40, 60.46, 9.40
52.15, 2886, -45, 60.46, 9.40
52.20, 2880, -51, 60.44, 9.40
52.25, 2876, -58, 60.46, 9.40
52.30, 2879, -64, 60.46, 9.40
52.35, 2872, -67, 60.44, 9.40
52.40, 2867, -67, 60.48, 9.40
52.45, 2863, -66, 60.46, 9.40
52.50, 2862, -64, 60.44, 9.40
52.55, 2859, -61, 60.46, 9.40
52.60, 2855, -59, 60.46, 9.40
52.65, 2854, -56, 60.46, 9.40
52.70, 2849, -52, 60.48, 9.40
52.75, 2847, -46, 60.48, 9.40
52.80, 2844, -41, 60.46, 9.40
52.85, 2844, -37, 60.48, 9.40
52.90, 2843, -38, 60.48, 9.40
52.95, 2843, -43, 60.48, 9.40
53.00, 2840, -49, 60.48, 9.40
53.05, 2834, -55, 60.46, 9.40
53.10, 2831, -57, 60.48, 9.40
53.15, 2828, -54, 60.48, 9.40
53.20, 2826, -49, 60.46, 9.40
53.25, 2825, -44, 60.46, 9.40
53.30, 2822, -41, 60.46, 9.40
53.35, 2821, -43, 60.46, 9.40
53.40, 2821, -49, 60.46, 9.40
53.45, 2817, -54, 60.46, 9.40
53.50, 2811, -58, 60.48, 9.40
53.55, 2808, -59, 60.46, 9.40
53.60, 2806, -57, 60.48, 9.40
53.65, 2805, -55, 60.46, 9.40
53.70, 2802, -54, 60.44, 9.40
53.75, 2798, -54, 60.48, 9.40
53.80, 2796, -55, 60.46, 9.40
53.85, 2794, -56, 60.46, 9.40
53.90, 2790, -54, 60.46, 9.40
53.95, 2784, -51, 60.48, 9.40
54.00, 2787, -48, 60.48, 9.40
54.05, 2783, -45, 60.46, 9.40
54.10, 2781, -45, 60.46, 9.40
54.15, 2778, -47, 60.46, 9.40
54.20, 2778, -50, 60.46, 9.40
54.25, 2774, -51, 60.44, 9.40
54.30, 2769, -52, 60.48, 9.40
54.35, 2768, -50, 60.46, 9.40
54.40, 2766, -46, 60.46, 9.40
54.45, 2762, -43, 60.48, 9.40
54.50, 2763, -41, 60.48, 9.40
54.55, 2760, -41, 60.46, 9.40
54.60, 2758, -43, 60.44, 9.40
54.65, 2756, -48, 60.46, 9.40
54.70, 2754, -54, 60.48, 9.40
54.75, 2751, -58, 60.48, 9.40
54.80, 2744, -59, 60.48, 9.40
54.85, 2744, -59, 60.48, 9.40
54.90, 2740, -58, 60.48, 9.40
54.95, 2738, -58, 60.48, 9.40
55.00, 2737, -61, 60.48, 9.40
55.05, 2733, -64, 60.48, 9.40
55.10, 2729, -66, 60.48, 9.40
55.15, 2723, -64, 60.48, 9.40
55.20, 2720, -57, 60.48, 9.40
55.25, 2718, -48, 60.49, 9.40
55.30, 2718, -40, 60.48, 9.40
55.35, 2717, -36, 60.48, 9.40
55.40, 2716, -36, 60.48, 9.40
55.45, 2713, -41, 60.48, 9.40
55.50, 2711, -47, 60.48, 9.40
55.55, 2708, -52, 60.48, 9.40
55.60, 2703, -55, 60.48, 9.40
55.65, 2703, -58, 60.48, 9.40
55.70, 2700, -59, 60.48, 9.40
55.75, 2695, -59, 60.48, 9.40
55.80, 2692, -61, 60.48, 9.40
55.85, 2692, -61, 60.48, 9.40
55.90, 2686, -59, 60.48, 9.40
55.95, 2683, -56, 60.49, 9.40
56.00, 2680, -52, 60.48, 9.40
56.05, 2678, -48, 60.48, 9.40
56.10, 2679, -45, 60.48, 9.40
56.15, 2675, -45, 60.46, 9.40
56.20, 2673, -46, 60.48, 9.40
56.25, 2668, -48, 60.48, 9.40
56.30, 2668, -50, 60.48, 9.40
56.35, 2666, -54, 60.48, 9.40
56.40, 2663, -59, 60.48, 9.40
56.45, 2660, -63, 60.48, 9.40
56.50, 2656, -63, 60.48, 9.40
56.55, 2649, -59, 60.48, 9.40
56.60, 2647, -51, 60.48, 9.40
56.65, 2648, -43, 60.46, 9.40
56.70, 2647, -37, 60.46, 9.40
56.75, 2645, -36, 60.48, 9.40
56.80, 2643, -42, 60.48, 9.40
56.85, 2642, -50, 60.48, 9.40
56.90, 2638, -59, 60.48, 9.40
56.95, 2633, -66, 60.48, 9.40
57.00, 2631, -69, 60.48, 9.40
57.05, 2624, -69, 60.48, 9.40
57.10, 2622, -68, 60.48, 9.40
57.15, 2622, -65, 60.46, 9.40
57.20, 2617, -63, 60.46, 9.40
57.25, 2613, -60, 60.48, 9.40
57.30, 2608, -57, 60.48, 9.40
57.35, 2609, -53, 60.48, 9.40
57.40, 2607, -49, 60.48, 9.40
57.45, 2601, -46, 60.48, 9.40
57.50, 2602, -46, 60.48, 9.40
57.55, 2600, -49, 60.48, 9.40
57.60, 2597, -54, 60.48, 9.40
57.65, 2594, -63, 60.48, 9.40
57.70, 2592, -69, 60.48, 9.40
57.75, 2585, -71, 60.48, 9.40
57.80, 2580, -71, 60.48, 9.40
57.85, 2577, -67, 60.49, 9.40
57.90, 2576, -62, 60.51, 9.40
57.95, 2575, -57, 60.48, 9.40
58.00, 2570, -53, 60.48, 9.40
58.05, 2565, -50, 60.51, 9.40
58.10, 2566, -50, 60.49, 9.40
58.15, 2564, -51, 60.49, 9.40
58.20, 2562, -55, 60.49, 9.40
58.25, 2558, -58, 60.48, 9.40
58.30, 2553, -59, 60.49, 9.40
58.35, 2551, -57, 60.48, 9.40
58.40, 2546, -53, 60.49, 9.40
58.45, 2546, -47, 60.49, 9.40
58.50, 2545, -44, 60.51, 9.40
58.55, 2544, -43, 60.49, 9.40
58.60, 2540, -43, 60.49, 9.40
58.65, 2535, -44, 60.49, 9.40
58.70, 2537, -44, 60.51, 9.40
58.75, 2532, -43, 60.49, 9.40
58.80, 2533, -45, 60.48, 9.40
58.85, 2529, -47, 60.48, 9.40
58.90, 2526, -50, 60.49, 9.40
58.95, 2526, -54, 60.48, 9.40
59.00, 2520, -55, 60.49, 9.40
59.05, 2515, -56, 60.48, 9.40
59.10, 2517, -58, 60.48, 9.40
59.15, 2514, -58, 60.49, 9.40
59.20, 2508, -60, 60.48, 9.40
59.25, 2507, -61, 60.48, 9.40
59.30, 2502, -60, 60.48, 9.40
59.35, 2499, -58, 60.49, 9.40
59.40, 2497, -55, 60.48, 9.40
59.45, 2495, -51, 60.48, 9.40
59.50, 2493, -49, 60.48, 9.40
59.55, 2489, -49, 60.48, 9.40
59.60, 2488, -49, 60.48, 9.40
59.65, 2485, -49, 60.49, 9.40
59.70, 2484, -48, 60.48, 9.40
59.75, 2479, -44, 60.48, 9.40
59.80, 2476, -38, 60.48, 9.40
59.85, 2476, -34, 60.48, 9.40
59.90, 2477, -32, 60.48, 9.40
59.95, 2474, -33, 60.48, 9.40
60.00, 2474, -39, 60.48, 9.40
60.05, 2471, -46, 60.46, 9.40
60.10, 2466, -50, 60.48, 9.40
60.15, 2463, -54, 60.48, 9.40
60.20, 2461, -54, 60.48, 9.40
60.25, 2459, -53, 60.48, 9.40
60.30, 2458, -55, 60.48, 9.40
60.35, 2454, -58, 60.48, 9.40
60.40, 2449, -62, 60.48, 9.40
60.45, 2448, -65, 60.48, 9.40
60.50, 2444, -66, 60.48, 9.40
60.55, 2438, -64, 60.48, 9.40
60.60, 2437, -61, 60.48, 9.40
60.65, 2435, -57, 60.48, 9.40
60.70, 2431, -53, 60.48, 9.40
60.75, 2428, -50, 60.48, 9.40
60.80, 2428, -46, 60.48, 9.40
60.85, 2424, -44, 60.48, 9.40
60.90, 2422, -43, 60.48, 9.40
60.95, 2421, -44, 60.48, 9.40
61.00, 2419, -48, 60.48, 9.40
61.05, 2418, -53, 60.48, 9.40
61.10, 2412, -58, 60.48, 9.40
61.15, 2409, -62, 60.48, 9.40
61.20, 2407, -63, 60.46, 9.40
61.25, 2401, -61, 60.48, 9.40
61.30, 2400, -59, 60.48, 9.40
61.35, 2398, -57, 60.48, 9.40
61.40, 2395, -56, 60.48, 9.40
61.45, 2392, -57, 60.48, 9.40
61.50, 2388, -56, 60.48, 9.40
61.55, 2386, -54, 60.46, 9.40
61.60, 2383, -50, 60.48, 9.40
61.65, 2380, -46, 60.48, 9.40
61.70, 2379, -43, 60.48, 9.40
61.75, 2377, -43, 60.48, 9.40
61.80, 2378, -47, 60.48, 9.40
61.85, 2373, -55, 60.48, 9.40
61.90, 2370, -62, 60.48, 9.40
61.95, 2365, -66, 60.48, 9.40
62.00, 2362, -65, 60.48, 9.40
62.05, 2357, -58, 60.49, 9.40
62.10, 2354, -49, 60.48, 9.40
62.15, 2356, -40, 60.48, 9.40
62.20, 2353, -35, 60.48, 9.40
62.25, 2352, -34, 60.49, 9.40
62.30, 2351, -38, 60.48, 9.40
62.35, 2349, -43, 60.48, 9.40
62.40, 2346, -48, 60.48, 9.40
62.45, 2341, -51, 60.48, 9.40
62.50, 2340, -51, 60.48, 9.40
62.55, 2337, -50, 60.48, 9.40
62.60, 2335, -49, 60.48, 9.40
62.65, 2333, -50, 60.48, 9.40
62.70, 2332, -52, 60.48, 9.40
62.75, 2327, -55, 60.48, 9.40
62.80, 2323, -57, 60.48, 9.40
62.85, 2322, -59, 60.48, 9.40
62.90, 2319, -60, 60.49, 9.40
62.95, 2316, -60, 60.48, 9.40
63.00, 2312, -58, 60.49, 9.40
63.05, 2308, -55, 60.48, 9.40
63.10, 2306, -51, 60.49, 9.40
63.15, 2306, -48, 60.48, 9.40
63.20, 2302, -47, 60.49, 9.40
63.25, 2301, -49, 60.49, 9.40
63.30, 2298, -53, 60.48, 9.40
63.35, 2297, -58, 60.48, 9.40
63.40, 2290, -62, 60.48, 9.40
63.45, 2287, -65, 60.48, 9.40
63.50, 2287, -67, 60.48, 9.40
63.55, 2281, -65, 60.48, 9.40
63.60, 2277, -64, 60.48, 9.40
63.65, 2276, -58, 60.48, 9.40
63.70, 2270, -50, 60.48, 9.40
63.75, 2270, -43, 60.48, 9.40
63.80, 2268, -36, 60.48, 9.40
63.85, 2267, -33, 60.48, 9.40
63.90, 2268, -36, 60.48, 9.40
63.95, 2265, -43, 60.46, 9.40
64.00, 2263, -50, 60.44, 9.40
64.05, 2258, -57, 60.46, 9.40
64.10, 2254, -59, 60.46, 9.40
64.15, 2250, -58, 60.44, 9.40
64.20, 2249, -55, 60.44, 9.40
64.25, 2248, -53, 60.44, 9.40
64.30, 2245, -53, 60.44, 9.40
64.35, 2241, -56, 60.44, 9.40
64.40, 2241, -61, 60.40, 9.40
64.45, 2235, -63, 60.44, 9.40
64.50, 2229, -63, 60.44, 9.40
64.55, 2230, -60, 60.44, 9.40
64.60, 2226, -54, 60.44, 9.40
64.65, 2223, -47, 60.44, 9.40
64.70, 2220, -40, 60.44, 9.40
64.75, 2219, -35, 60.44, 9.40
64.80, 2220, -33, 60.44, 9.40
64.85, 2219, -35, 60.44, 9.40
64.90, 2215, -40, 60.44, 9.40
64.95, 2214, -48, 60.44, 9.40
65.00, 2210, -55, 60.44, 9.40
65.05, 2208, -62, 60.44, 9.40
65.10, 2203, -66, 60.44, 9.40
65.15, 2199, -69, 60.44, 9.40
65.20, 2198, -69, 60.44, 9.40
65.25, 2192, -68, 60.44, 9.40
65.30, 2189, -67, 60.44, 9.40
65.35, 2186, -66, 60.44, 9.40
65.40, 2184, -65, 60.44, 9.40
65.45, 2181, -65, 60.44, 9.40
65.50, 2175, -67, 60.44, 9.40
65.55, 2174, -69, 60.44, 9.40
65.60, 2170, -70, 60.44, 9.40
65.65, 2166, -69, 60.44, 9.40
65.70, 2163, -64, 60.44, 9.40
65.75, 2157, -57, 60.44, 9.40
65.80, 2154, -50, 60.44, 9.40
65.85, 2157, -45, 60.44, 9.40
65.90, 2156, -44, 60.44, 9.40
65.95, 2153, -44, 60.44, 9.40
66.00, 2146, -44, 60.44, 9.40
66.05, 2144, -41, 60.44, 9.40
66.10, 2144, -37, 60.44, 9.40
66.15, 2143, -33, 60.44, 9.40
66.20, 2143, -33, 60.44, 9.40
66.25, 2143, -38, 60.46, 9.40
66.30, 2138, -47, 60.44, 9.40
66.35, 2134, -57, 60.44, 9.40
66.40, 2131, -66, 60.44, 9.40
66.45, 2131, -72, 60.46, 9.40
66.50, 2124, -73, 60.46, 9.40
66.55, 2117, -70, 60.44, 9.40
66.60, 2114, -63, 60.44, 9.40
66.65, 2114, -55, 60.46, 9.40
66.70, 2113, -47, 60.44, 9.40
66.75, 2111, -42, 60.46, 9.40
66.80, 2106, -39, 60.46, 9.40
66.85, 2105, -38, 60.46, 9.40
66.90, 2105, -39, 60.46, 9.40
66.95, 2105, -41, 60.44, 9.40
67.00, 2099, -45, 60.48, 9.40
67.05, 2097, -51, 60.46, 9.40
67.10, 2096, -57, 60.48, 9.40
67.15, 2094, -63, 60.48, 9.40
67.20, 2087, -66, 60.48, 9.40
67.25, 2083, -66, 60.48, 9.40
67.30, 2080, -63, 60.48, 9.40
67.35, 2080, -58, 60.48, 9.40
67.40, 2076, -52, 60.46, 9.40
67.45, 2071, -46, 60.46, 9.40
67.50, 2071, -42, 60.48, 9.40
67.55, 2072, -40, 60.46, 9.40
67.60, 2067, -40, 60.48, 9.40
67.65, 2067, -43, 60.48, 9.40
67.70, 2063, -46, 60.48, 9.40
67.75, 2062, -49, 60.48, 9.40
67.80, 2057, -53, 60.48, 9.40
67.85, 2057, -56, 60.48, 9.40
67.90, 2053, -59, 60.46, 9.40
67.95, 2049, -63, 60.48, 9.40
68.00, 2047, -68, 60.48, 9.40
68.05, 2043, -69, 60.44, 9.40
68.10, 2038, -67, 60.46, 9.40
68.15, 2035, -62, 60.46, 9.40
68.20, 2031, -53, 60.48, 9.40
68.25, 2029, -44, 60.48, 9.40
68.30, 2030, -37, 60.48, 9.40
68.35, 2028, -33, 60.48, 9.40
68.40, 2028, -34, 60.46, 9.40
68.45, 2024, -39, 60.48, 9.40
68.50, 2022, -45, 60.48, 9.40
68.55, 2020, -51, 60.48, 9.40
68.60, 2017, -56, 60.48, 9.40
68.65, 2015, -61, 60.48, 9.40
68.70, 2010, -64, 60.48, 9.40
68.75, 2006, -64, 60.48, 9.40
68.80, 2003, -63, 60.48, 9.40
68.85, 2000, -61, 60.48, 9.40
68.90, 1999, -59, 60.48, 9.40
68.95, 1995, -59, 60.48, 9.40
69.00, 1993, -59, 60.44, 9.40
69.05, 1988, -58, 60.48, 9.40
69.10, 1985, -56, 60.48, 9.40
69.15, 1983, -53, 60.48, 9.40
69.20, 1981, -49, 60.48, 9.40
69.25, 1978, -46, 60.48, 9.40
69.30, 1978, -45, 60.48, 9.40
69.35, 1975, -45, 60.48, 9.40
69.40, 1972, -46, 60.48, 9.40
69.45, 1968, -49, 60.48, 9.40
69.50, 1968, -52, 60.48, 9.40
69.55, 1967, -57, 60.48, 9.40
69.60, 1963, -63, 60.48, 9.40
69.65, 1956, -66, 60.48, 9.40
69.70, 1952, -68, 60.48, 9.40
69.75, 1953, -68, 60.48, 9.40
69.80, 1948, -65, 60.46, 9.40
69.85, 1942, -61, 60.48, 9.40
69.90, 1942, -58, 60.48, 9.40
69.95, 1940, -55, 60.48, 9.40
70.00, 1935, -53, 60.48, 9.40
70.05, 1933, -52, 60.48, 9.40
70.10, 1933, -49, 60.48, 9.40
70.15, 1928, -46, 60.46, 9.40
70.20, 1925, -41, 60.48, 9.40
70.25, 1924, -37, 60.48, 9.40
70.30, 1924, -33, 60.46, 9.40
70.35, 1922, -33, 60.48, 9.40
70.40, 1921, -38, 60.48, 9.40
70.45, 1921, -45, 60.48, 9.40
70.50, 1915, -53, 60.48, 9.40
70.55, 1911, -60, 60.48, 9.40
70.60, 1910, -65, 60.48, 9.40
70.65, 1906, -69, 60.49, 9.40
70.70, 1902, -71, 60.48, 9.40
70.75, 1897, -71, 60.48, 9.40
70.80, 1895, -70, 60.48, 9.40
70.85, 1892, -66, 60.48, 9.40
70.90, 1887, -59, 60.48, 9.40
70.95, 1882, -51, 60.48, 9.40
71.00, 1883, -44, 60.48, 9.40
71.05, 1883, -39, 60.48, 9.40
71.10, 1881, -41, 60.48, 9.40
71.15, 1879, -47, 60.48, 9.40
71.20, 1876, -56, 60.48, 9.40
71.25, 1871, -66, 60.48, 9.40
71.30, 1870, -72, 60.48, 9.40
71.35, 1862, -74, 60.48, 9.40
71.40, 1860, -70, 60.48, 9.40
71.45, 1854, -64, 60.48, 9.40
71.50, 1854, -58, 60.48, 9.40
71.55, 1853, -53, 60.48, 9.40
71.60, 1849, -51, 60.48, 9.40
71.65, 1847, -52, 60.48, 9.40
71.70, 1844, -55, 60.48, 9.40
71.75, 1841, -57, 60.48, 9.40
71.80, 1838, -57, 60.48, 9.40
71.85, 1834, -57, 60.48, 9.40
71.90, 1834, -56, 60.48, 9.40
71.95, 1828, -55, 60.48, 9.40
72.00, 1827, -55, 60.48, 9.40
72.05, 1825, -55, 60.48, 9.40
72.10, 1821, -56, 60.48, 9.40
72.15, 1820, -58, 60.48, 9.40
72.20, 1814, -60, 60.49, 9.40
72.25, 1813, -62, 60.48, 9.40
72.30, 1809, -63, 60.46, 9.40
72.35, 1806, -62, 60.49, 9.40
72.40, 1803, -60, 60.48, 9.40
72.45, 1799, -57, 60.49, 9.40
72.50, 1796, -54, 60.48, 9.40
72.55, 1795, -53, 60.48, 9.40
72.60, 1795, -53, 60.48, 9.40
72.65, 1788, -56, 60.48, 9.40
72.70, 1788, -60, 60.48, 9.40
72.75, 1783, -64, 60.48, 9.40
72.80, 1779, -67, 60.48, 9.40
72.85, 1778, -69, 60.48, 9.40
72.90, 1773, -68, 60.48, 9.40
72.95, 1769, -66, 60.48, 9.40
73.00, 1764, -63, 60.48, 9.40
73.05, 1763, -58, 60.48, 9.40
73.10, 1762, -55, 60.48, 9.40
73.15, 1759, -53, 60.48, 9.40
73.20, 1754, -52, 60.48, 9.40
73.25, 1753, -52, 60.48, 9.40
73.30, 1751, -51, 60.46, 9.40
73.35, 1747, -50, 60.46, 9.40
73.40, 1745, -51, 60.48, 9.40
73.45, 1744, -53, 60.46, 9.40
73.50, 1741, -55, 60.46, 9.40
73.55, 1738, -58, 60.48, 9.40
73.60, 1733, -60, 60.48, 9.40
73.65, 1730, -59, 60.48, 9.40
73.70, 1728, -56, 60.48, 9.40
73.75, 1726, -53, 60.46, 9.40
73.80, 1722, -49, 60.46, 9.40
73.85, 1721, -48, 60.48, 9.40
73.90, 1719, -49, 60.44, 9.40
73.95, 1716, -52, 60.46, 9.40
74.00, 1715, -57, 60.48, 9.40
74.05, 1710, -61, 60.48, 9.40
74.10, 1706, -64, 60.48, 9.40
74.15, 1703, -66, 60.48, 9.40
74.20, 1701, -66, 60.46, 9.40
74.25, 1696, -64, 60.48, 9.40
74.30, 1694, -62, 60.48, 9.40
74.35, 1690, -59, 60.48, 9.40
74.40, 1687, -57, 60.48, 9.40
74.45, 1685, -57, 60.48, 9.40
74.50, 1684, -58, 60.48, 9.40
74.55, 1680, -59, 60.48, 9.40
74.60, 1677, -61, 60.48, 9.40
74.65, 1671, -59, 60.48, 9.40
74.70, 1669, -56, 60.48, 9.40
74.75, 1667, -52, 60.48, 9.40
74.80, 1667, -50, 60.48, 9.40
74.85, 1664, -51, 60.48, 9.40
74.90, 1660, -53, 60.49, 9.40
74.95, 1657, -57, 60.48, 9.40
75.00, 1656, -58, 60.48, 9.40
75.05, 1651, -55, 60.48, 9.40
75.10, 1646, -50, 60.48, 9.40
75.15, 1645, -46, 60.49, 9.40
75.20, 1647, -45, 60.48, 9.40
75.25, 1645, -47, 60.49, 9.40
75.30, 1641, -51, 60.49, 9.40
75.35, 1636, -54, 60.49, 9.40
75.40, 1631, -57, 60.48, 9.40
75.45, 1633, -59, 60.51, 9.40
75.50, 1631, -61, 60.51, 9.40
75.55, 1625, -66, 60.51, 9.40
75.60, 1623, -70, 60.51, 9.40
75.65, 1615, -72, 60.51, 9.40
75.70, 1615, -71, 60.51, 9.40
75.75, 1611, -65, 60.48, 9.40
75.80, 1604, -57, 60.51, 9.40
75.85, 1606, -50, 60.49, 9.40
75.90, 1604, -46, 60.48, 9.40
75.95, 1602, -46, 60.49, 9.40
76.00, 1599, -48, 60.49, 9.40
76.05, 1596, -50, 60.51, 9.40
76.10, 1596, -52, 60.48, 9.40
76.15, 1588, -51, 60.51, 9.40
76.20, 1587, -50, 60.51, 9.40
76.25, 1588, -48, 60.51, 9.40
76.30, 1584, -45, 60.51, 9.40
76.35, 1581, -44, 60.49, 9.40
76.40, 1579, -44, 60.49, 9.40
76.45, 1577, -43, 60.49, 9.40
76.50, 1576, -46, 60.49, 9.40
76.55, 1575, -48, 60.48, 9.40
76.60, 1569, -48, 60.48, 9.40
76.65, 1567, -48, 60.49, 9.40
76.70, 1565, -44, 60.48, 9.40
76.75, 1561, -41, 60.51, 9.40
76.80, 1563, -40, 60.48, 9.40
76.85, 1562, -42, 60.48, 9.40
76.90, 1558, -46, 60.48, 9.40
76.95, 1556, -52, 60.48, 9.40
77.00, 1549, -57, 60.49, 9.40
77.05, 1550, -60, 60.49, 9.40
77.10, 1547, -63, 60.48, 9.40
77.15, 1544, -63, 60.48, 9.40
77.20, 1537, -62, 60.49, 9.40
77.25, 1535, -60, 60.48, 9.40
77.30, 1534, -56, 60.48, 9.40
77.35, 1530, -52, 60.49, 9.40
77.40, 1529, -51, 60.49, 9.40
77.45, 1527, -53, 60.48, 9.40
77.50, 1524, -56, 60.48, 9.40
77.55, 1521, -61, 60.48, 9.40
77.60, 1517, -64, 60.48, 9.40
77.65, 1512, -64, 60.48, 9.40
77.70, 1510, -61, 60.48, 9.40
77.75, 1508, -57, 60.48, 9.40
77.80, 1504, -53, 60.48, 9.40
77.85, 1502, -51, 60.48, 9.40
77.90, 1501, -50, 60.48, 9.40
77.95, 1499, -51, 60.48, 9.40
78.00, 1494, -52, 60.48, 9.40
78.05, 1491, -53, 60.48, 9.40
78.10, 1490, -55, 60.48, 9.40
78.15, 1488, -58, 60.48, 9.40
78.20, 1484, -61, 60.48, 9.40
78.25, 1481, -65, 60.48, 9.40
78.30, 1478, -66, 60.49, 9.40
78.35, 1471, -64, 60.49, 9.40
78.40, 1470, -61, 60.48, 9.40
78.45, 1466, -57, 60.51, 9.40
78.50, 1468, -55, 60.49, 9.40
78.55, 1464, -53, 60.48, 9.40
78.60, 1459, -49, 60.49, 9.40
78.65, 1454, -45, 60.51, 9.40
78.70, 1455, -38, 60.49, 9.40
78.75, 1454, -33, 60.51, 9.40
78.80, 1455, -31, 60.48, 9.40
78.85, 1451, -35, 60.51, 9.40
78.90, 1451, -46, 60.51, 9.40
78.95, 1448, -58, 60.51, 9.40
79.00, 1444, -69, 60.51, 9.40
79.05, 1439, -76, 60.51, 9.40
79.10, 1433, -78, 60.51, 9.40
79.15, 1428, -76, 60.51, 9.40
79.20, 1428, -72, 60.51, 9.40
79.25, 1425, -67, 60.51, 9.40
79.30, 1420, -62, 60.51, 9.40
79.35, 1417, -59, 60.51, 9.40
79.40, 1415, -55, 60.51, 9.40
79.45, 1411, -51, 60.49, 9.40
79.50, 1410, -49, 60.51, 9.40
79.55, 1411, -47, 60.51, 9.40
79.60, 1403, -44, 60.51, 9.40
79.65, 1402, -41, 60.49, 9.40
79.70, 1402, -39, 60.51, 9.40
79.75, 1399, -39, 60.51, 9.40
79.80, 1399, -43, 60.51, 9.40
79.85, 1398, -49, 60.49, 9.40
79.90, 1394, -53, 60.51, 9.40
79.95, 1387, -54, 60.49, 9.40
80.00, 1383, -51, 60.49, 9.40
80.05, 1385, -46, 60.48, 9.40
80.10, 1385, -43, 60.49, 9.40
80.15, 1381, -43, 60.51, 9.40
80.20, 1379, -46, 60.49, 9.40
80.25, 1376, -51, 60.49, 9.40
80.30, 1373, -56, 60.51, 9.40
80.35, 1371, -58, 60.49, 9.40
80.40, 1366, -57, 60.48, 9.40
80.45, 1363, -53, 60.49, 9.40
80.50, 1361, -48, 60.49, 9.40
80.55, 1360, -43, 60.49, 9.40
80.60, 1358, -40, 60.48, 9.40
80.65, 1356, -39, 60.48, 9.40
80.70, 1355, -41, 60.48, 9.40
80.75, 1353, -42, 60.48, 9.40
80.80, 1347, -43, 60.51, 9.40
80.85, 1348, -44, 60.48, 9.40
80.90, 1346, -46, 60.48, 9.40
80.95, 1344, -49, 60.48, 9.40
81.00, 1341, -52, 60.48, 9.40
81.05, 1338, -52, 60.48, 9.40
81.10, 1332, -49, 60.48, 9.40
81.15, 1331, -44, 60.48, 9.40
81.20, 1330, -39, 60.48, 9.40
81.25, 1331, -36, 60.48, 9.40
81.30, 1329, -38, 60.48, 9.40
81.35, 1327, -40, 60.48, 9.40
81.40, 1320, -43, 60.48, 9.40
81.45, 1321, -46, 60.48, 9.40
81.50, 1318, -49, 60.48, 9.40
81.55, 1318, -53, 60.48, 9.40
81.60, 1315, -59, 60.48, 9.40
81.65, 1309, -67, 60.49, 9.40
81.70, 1307, -73, 60.48, 9.40
81.75, 1301, -76, 60.48, 9.40
81.80, 1297, -74, 60.48, 9.40
81.85, 1294, -72, 60.48, 9.40
81.90, 1292, -67, 60.48, 9.40
81.95, 1288, -63, 60.48, 9.40
82.00, 1283, -59, 60.49, 9.40
82.05, 1282, -56, 60.48, 9.40
82.10, 1281, -55, 60.48, 9.40
82.15, 1278, -54, 60.48, 9.40
82.20, 1273, -53, 60.48, 9.40
82.25, 1270, -52, 60.48, 9.40
82.30, 1270, -51, 60.48, 9.40
82.35, 1267, -52, 60.48, 9.40
82.40, 1265, -52, 60.48, 9.40
82.45, 1262, -52, 60.46, 9.40
82.50, 1257, -49, 60.48, 9.40
82.55, 1255, -43, 60.48, 9.40
82.60, 1253, -34, 60.48, 9.40
82.65, 1254, -27, 60.48, 9.40
82.70, 1252, -25, 60.48, 9.40
82.75, 1253, -28, 60.48, 9.40
82.80, 1252, -36, 60.48, 9.40
82.85, 1249, -44, 60.48, 9.40
82.90, 1244, -48, 60.48, 9.40
82.95, 1240, -49, 60.46, 9.40
83.00, 1239, -43, 60.48, 9.40
83.05, 1236, -36, 60.48, 9.40
83.10, 1238, -31, 60.48, 9.40
83.15, 1237, -30, 60.48, 9.40
83.20, 1233, -34, 60.48, 9.40
83.25, 1234, -43, 60.48, 9.40
83.30, 1230, -54, 60.48, 9.40
83.35, 1228, -65, 60.48, 9.40
83.40, 1220, -76, 60.48, 9.40
83.45, 1220, -85, 60.48, 9.40
83.50, 1215, -91, 60.48, 9.40
83.55, 1206, -91, 60.48, 9.40
83.60, 1201, -87, 60.48, 9.40
83.65, 1200, -79, 60.48, 9.40
83.70, 1195, -70, 60.48, 9.40
83.75, 1193, -62, 60.48, 9.40
83.80, 1190, -57, 60.48, 9.40
83.85, 1189, -55, 60.48, 9.40
83.90, 1186, -53, 60.48, 9.40
83.95, 1180, -51, 60.48, 9.40
84.00, 1181, -49, 60.48, 9.40
84.05, 1176, -48, 60.46, 9.40
84.10, 1177, -50, 60.48, 9.40
84.15, 1174, -55, 60.48, 9.40
84.20, 1171, -60, 60.46, 9.40
84.25, 1167, -63, 60.48, 9.40
84.30, 1162, -60, 60.48, 9.40
84.35, 1156, -54, 60.46, 9.40
84.40, 1157, -47, 60.48, 9.40
84.45, 1157, -43, 60.48, 9.40
84.50, 1157, -45, 60.46, 9.40
84.55, 1155, -52, 60.46, 9.40
84.60, 1147, -58, 60.48, 9.40
84.65, 1145, -61, 60.48, 9.40
84.70, 1139, -60, 60.48, 9.40
84.75, 1139, -54, 60.48, 9.40
84.80, 1138, -48, 60.48, 9.40
84.85, 1135, -43, 60.48, 9.40
84.90, 1133, -41, 60.46, 9.40
84.95, 1129, -42, 60.48, 9.40
85.00, 1131, -47, 60.48, 9.40
85.05, 1129, -53, 60.48, 9.40
85.10, 1122, -57, 60.46, 9.40
85.15, 1119, -61, 60.46, 9.40
85.20, 1118, -61, 60.48, 9.40
85.25, 1111, -57, 60.46, 9.40
85.30, 1112, -53, 60.48, 9.40
85.35, 1109, -48, 60.48, 9.40
85.40, 1106, -44, 60.48, 9.40
85.45, 1104, -44, 60.46, 9.40
85.50, 1103, -44, 60.48, 9.40
85.55, 1102, -46, 60.48, 9.40
85.60, 1098, -48, 60.48, 9.40
85.65, 1094, -50, 60.46, 9.40
85.70, 1092, -51, 60.48, 9.40
85.75, 1092, -52, 60.46, 9.40
85.80, 1087, -51, 60.48, 9.40
85.85, 1084, -52, 60.46, 9.40
85.90, 1082, -53, 60.48, 9.40
85.95, 1081, -55, 60.48, 9.40
86.00, 1078, -57, 60.44, 9.40
86.05, 1074, -58, 60.46, 9.40
86.10, 1067, -56, 60.46, 9.40
86.15, 1069, -55, 60.46, 9.40
86.20, 1067, -53, 60.48, 9.40
86.25, 1063, -51, 60.48, 9.40
86.30, 1059, -51, 60.48, 9.40
86.35, 1059, -51, 60.48, 9.40
86.40, 1055, -51, 60.48, 9.40
86.45, 1054, -51, 60.44, 9.40
86.50, 1049, -50, 60.44, 9.40
86.55, 1047, -51, 60.48, 9.40
86.60, 1046, -55, 60.44, 9.40
86.65, 1045, -62, 60.44, 9.40
86.70, 1040, -70, 60.44, 9.40
86.75, 1036, -75, 60.46, 9.40
86.80, 1028, -75, 60.44, 9.40
86.85, 1025, -70, 60.44, 9.40
86.90, 1023, -59, 60.44, 9.40
86.95, 1021, -48, 60.44, 9.40
87.00, 1019, -40, 60.44, 9.40
87.05, 1021, -36, 60.44, 9.40
87.10, 1015, -38, 60.44, 9.40
87.15, 1017, -44, 60.44, 9.40
87.20, 1012, -51, 60.44, 9.40
87.25, 1010, -58, 60.44, 9.40
87.30, 1007, -62, 60.44, 9.40
87.35, 1000, -62, 60.44, 9.40
87.40, 998, -58, 60.44, 9.40
87.45, 996, -54, 60.44, 9.40
87.50, 996, -50, 60.40, 9.40
87.55, 992, -48, 60.44, 9.40
87.60, 990, -46, 60.44, 9.40
87.65, 987, -44, 60.44, 9.40
87.70, 984, -42, 60.44, 9.40
87.75, 982, -39, 60.44, 9.40
87.80, 983, -39, 60.44, 9.40
87.85, 981, -40, 60.44, 9.40
87.90, 979, -42, 60.44, 9.40
87.95, 974, -45, 60.44, 9.40
88.00, 972, -47, 60.44, 9.40
88.05, 970, -50, 60.44, 9.40
88.10, 969, -55, 60.44, 9.40
88.15, 968, -62, 60.44, 9.40
88.20, 963, -68, 60.44, 9.40
88.25, 955, -70, 60.44, 9.40
88.30, 952, -68, 60.44, 9.40
88.35, 950, -61, 60.46, 9.40
88.40, 948, -52, 60.44, 9.40
88.45, 945, -45, 60.44, 9.40
88.50, 945, -40, 60.44, 9.40
88.55, 943, -39, 60.40, 9.40
88.60, 940, -40, 60.40, 9.40
88.65, 939, -42, 60.44, 9.40
88.70, 936, -43, 60.40, 9.40
88.75, 933, -45, 60.40, 9.40
88.80, 932, -47, 60.40, 9.40
88.85, 931, -50, 60.44, 9.40
88.90, 927, -53, 60.44, 9.40
88.95, 922, -54, 60.44, 9.40
89.00, 921, -54, 60.40, 9.40
89.05, 919, -52, 60.44, 9.40
89.10, 914, -48, 60.44, 9.40
89.15, 913, -45, 60.40, 9.40
89.20, 913, -42, 60.40, 9.40
89.25, 909, -41, 60.44, 9.40
89.30, 908, -43, 60.40, 9.40
89.35, 906, -46, 60.44, 9.40
89.40, 903, -50, 60.44, 9.40
89.45, 900, -56, 60.40, 9.40
89.50, 899, -62, 60.44, 9.40
89.55, 894, -67, 60.44, 9.40
89.60, 889, -72, 60.44, 9.40
89.65, 887, -74, 60.44, 9.40
89.70, 882, -72, 60.44, 9.40
89.75, 879, -68, 60.44, 9.40
89.80, 874, -61, 60.44, 9.40
89.85, 870, -54, 60.44, 9.40
89.90, 873, -52, 60.39, 9.40
89.95, 871, -50, 60.40, 9.40
90.00, 865, -51, 60.44, 9.40
90.05, 864, -52, 60.40, 9.40
90.10, 859, -48, 60.40, 9.40
90.15, 855, -44, 60.44, 9.40
90.20, 857, -40, 60.40, 9.40
90.25, 856, -39, 60.44, 9.40
90.30, 855, -42, 60.44, 9.40
90.35, 852, -47, 60.44, 9.40
90.40, 846, -52, 60.40, 9.40
90.45, 845, -55, 60.44, 9.40
90.50, 840, -56, 60.44, 9.40
90.55, 841, -57, 60.39, 9.40
90.60, 838, -58, 60.44, 9.40
90.65, 833, -60, 60.44, 9.40
90.70, 829, -63, 60.44, 9.40
90.75, 828, -64, 60.44, 9.40
90.80, 824, -63, 60.40, 9.40
90.85, 819, -59, 60.44, 9.40
90.90, 818, -55, 60.44, 9.40
90.95, 815, -50, 60.40, 9.40
91.00, 811, -45, 60.44, 9.40
91.05, 813, -44, 60.40, 9.40
91.10, 810, -43, 60.40, 9.40
91.15, 806, -43, 60.44, 9.40
91.20, 805, -46, 60.44, 9.40
91.25, 802, -46, 60.40, 9.40
91.30, 800, -46, 60.40, 9.40
91.35, 797, -47, 60.40, 9.40
91.40, 797, -47, 60.44, 9.40
91.45, 791, -47, 60.44, 9.40
91.50, 791, -49, 60.44, 9.40
91.55, 789, -51, 60.40, 9.40
91.60, 787, -51, 60.44, 9.40
91.65, 780, -51, 60.40, 9.40
91.70, 781, -49, 60.44, 9.40
91.75, 777, -46, 60.44, 9.40
91.80, 775, -44, 60.44, 9.40
91.85, 776, -44, 60.44, 9.40
91.90, 771, -43, 60.40, 9.40
91.95, 769, -45, 60.44, 9.40
92.00, 768, -49, 60.44, 9.40
92.05, 765, -50, 60.44, 9.40
92.10, 760, -51, 60.44, 9.40
92.15, 760, -52, 60.44, 9.40
92.20, 757, -51, 60.44, 9.40
92.25, 754, -51, 60.44, 9.40
92.30, 751, -51, 60.44, 9.40
92.35, 749, -51, 60.44, 9.40
92.40, 747, -51, 60.44, 9.40
92.45, 744, -52, 60.44, 9.40
92.50, 741, -52, 60.44, 9.40
92.55, 739, -53, 60.44, 9.40
92.60, 736, -53, 60.44, 9.40
92.65, 732, -52, 60.44, 9.40
92.70, 731, -52, 60.44, 9.40
92.75, 729, -53, 60.44, 9.40
92.80, 727, -53, 60.44, 9.40
92.85, 721, -53, 60.44, 9.40
92.90, 720, -52, 60.44, 9.40
92.95, 718, -49, 60.44, 9.40
93.00, 713, -46, 60.44, 9.40
93.05, 715, -46, 60.44, 9.40
93.10, 712, -46, 60.44, 9.40
93.15, 709, -47, 60.44, 9.40
93.20, 706, -49, 60.44, 9.40
93.25, 702, -50, 60.44, 9.40
93.30, 701, -52, 60.44, 9.40
93.35, 700, -55, 60.44, 9.40
93.40, 699, -57, 60.44, 9.40
93.45, 690, -57, 60.44, 9.40
93.50, 687, -56, 60.44, 9.40
93.55, 686, -54, 60.44, 9.40
93.60, 686, -54, 60.44, 9.40
93.65, 685, -55, 60.44, 9.40
93.70, 679, -56, 60.44, 9.40
93.75, 674, -57, 60.44, 9.40
93.80, 672, -55, 60.44, 9.40
93.85, 668, -52, 60.44, 9.40
93.90, 670, -50, 60.40, 9.40
93.95, 669, -51, 60.40, 9.40
94.00, 663, -53, 60.44, 9.40
94.05, 658, -55, 60.44, 9.40
94.10, 657, -55, 60.44, 9.40
94.15, 655, -51, 60.44, 9.40
94.20, 651, -48, 60.44, 9.40
94.25, 651, -46, 60.40, 9.40
94.30, 648, -45, 60.44, 9.40
94.35, 647, -46, 60.44, 9.40
94.40, 644, -47, 60.44, 9.40
94.45, 639, -44, 60.44, 9.40
94.50, 637, -40, 60.39, 9.40
94.55, 638, -36, 60.40, 9.40
94.60, 636, -33, 60.39, 9.40
94.65, 634, -33, 60.40, 9.40
94.70, 634, -35, 60.40, 9.40
94.75, 631, -38, 60.44, 9.40
94.80, 628, -42, 60.40, 9.40
94.85, 626, -44, 60.44, 9.40
94.90, 624, -44, 60.40, 9.40
94.95, 622, -43, 60.40, 9.40
95.00, 619, -42, 60.40, 9.40
95.05, 617, -41, 60.40, 9.40
95.10, 616, -39, 60.44, 9.40
95.15, 615, -39, 60.39, 9.40
95.20, 611, -38, 60.39, 9.40
95.25, 608, -39, 60.40, 9.40
95.30, 609, -45, 60.40, 9.40
95.35, 609, -52, 60.40, 9.40
95.40, 603, -62, 60.39, 9.40
95.45, 600, -72, 60.40, 9.40
95.50, 593, -77, 60.39, 9.40
95.55, 589, -77, 60.39, 9.40
95.60, 587, -73, 60.39, 9.40
95.65, 582, -65, 60.39, 9.40
95.70, 580, -56, 60.39, 9.40
95.75, 577, -47, 60.39, 9.40
95.80, 577, -39, 60.39, 9.40
95.85, 574, -33, 60.39, 9.40
95.90, 573, -29, 60.39, 9.40
95.95, 572, -28, 60.39, 9.40
96.00, 572, -31, 60.39, 9.40
96.05, 569, -38, 60.39, 9.40
96.10, 569, -48, 60.39, 9.40
96.15, 564, -59, 60.39, 9.40
96.20, 563, -67, 60.39, 9.40
96.25, 553, -71, 60.39, 9.40
96.30, 552, -70, 60.39, 9.40
96.35, 549, -66, 60.39, 9.40
96.40, 546, -61, 60.39, 9.40
96.45, 545, -57, 60.39, 9.40
96.50, 539, -53, 60.39, 9.40
96.55, 539, -49, 60.39, 9.40
96.60, 536, -46, 60.37, 9.40
96.65, 533, -40, 60.39, 9.40
96.70, 532, -36, 60.39, 9.40
96.75, 530, -33, 60.39, 9.40
96.80, 530, -32, 60.39, 9.40
96.85, 529, -33, 60.39, 9.40
96.90, 527, -35, 60.37, 9.40
96.95, 523, -38, 60.37, 9.40
97.00, 521, -42, 60.39, 9.40
97.05, 521, -45, 60.37, 9.40
97.10, 519, -49, 60.37, 9.40
97.15, 516, -51, 60.37, 9.40
97.20, 509, -52, 60.37, 9.40
97.25, 509, -52, 60.39, 9.40
97.30, 508, -52, 60.39, 9.40
97.35, 505, -53, 60.39, 9.40
97.40, 503, -54, 60.39, 9.40
97.45, 498, -55, 60.39, 9.40
97.50, 495, -55, 60.39, 9.40
97.55, 493, -54, 60.39, 9.40
97.60, 490, -53, 60.39, 9.40
97.65, 490, -51, 60.39, 9.40
97.70, 486, -49, 60.39, 9.40
97.75, 481, -46, 60.39, 9.40
97.80, 480, -42, 60.39, 9.40
97.85, 479, -38, 60.39, 9.40
97.90, 479, -33, 60.39, 9.40
97.95, 476, -31, 60.37, 9.40
98.00, 474, -30, 60.39, 9.40
98.05, 473, -30, 60.37, 9.40
98.10, 472, -32, 60.37, 9.40
98.15, 471, -36, 60.37, 9.40
98.20, 468, -40, 60.39, 9.40
98.25, 467, -47, 60.39, 9.40
98.30, 464, -52, 60.39, 9.40
98.35, 459, -57, 60.37, 9.40
98.40, 457, -60, 60.37, 9.40
98.45, 455, -60, 60.37, 9.40
98.50, 449, -60, 60.39, 9.40
98.55, 450, -58, 60.39, 9.40
98.60, 444, -54, 60.37, 9.40
98.65, 441, -49, 60.39, 9.40
98.70, 440, -43, 60.37, 9.40
98.75, 438, -37, 60.37, 9.40
98.80, 438, -33, 60.37, 9.40
98.85, 436, -32, 60.39, 9.40
98.90, 434, -32, 60.39, 9.40
98.95, 433, -36, 60.37, 9.40
99.00, 430, -42, 60.37, 9.40
99.05, 430, -50, 60.37, 9.40
99.10, 427, -58, 60.37, 9.40
99.15, 422, -65, 60.37, 9.40
99.20, 418, -71, 60.37, 9.40
99.25, 413, -74, 60.37, 9.40
99.30, 410, -74, 60.39, 9.40
99.35, 409, -71, 60.39, 9.40
99.40, 402, -66, 60.37, 9.40
99.45, 399, -59, 60.37, 9.40
99.50, 395, -52, 60.37, 9.40
99.55, 397, -47, 60.37, 9.40
99.60, 395, -44, 60.37, 9.40
99.65, 392, -43, 60.39, 9.40
99.70, 389, -44, 60.37, 9.40
99.75, 386, -45, 60.37, 9.40
99.80, 385, -46, 60.39, 9.40
99.85, 383, -47, 60.39, 9.40
99.90, 381, -47, 60.37, 9.40
99.95, 376, -48, 60.37, 9.40
100.00, 376, -48, 60.37, 9.40
100.05, 373, -49, 60.39, 9.40
100.10, 370, -49, 60.37, 9.40
100.15, 368, -50, 60.37, 9.40
100.20, 365, -51, 60.39, 9.40
100.25, 364, -51, 60.37, 9.40
100.30, 359, -50, 60.37, 9.40
100.35, 358, -49, 60.37, 9.40
100.40, 354, -48, 60.37, 9.40
100.45, 353, -48, 60.37, 9.40
100.50, 353, -48, 60.37, 9.40
100.55, 348, -47, 60.37, 9.40
100.60, 344, -45, 60.37, 9.40
100.65, 344, -44, 60.37, 9.40
100.70, 340, -41, 60.37, 9.40
100.75, 342, -42, 60.37, 9.40
100.80, 338, -42, 60.37, 9.40
100.85, 336, -43, 60.37, 9.40
100.90, 332, -44, 60.37, 9.40
100.95, 331, -44, 60.37, 9.40
101.00, 327, -46, 60.39, 9.40
101.05, 330, -50, 60.37, 9.40
101.10, 325, -54, 60.37, 9.40
101.15, 321, -59, 60.39, 9.40
101.20, 316, -61, 60.37, 9.40
101.25, 314, -60, 60.37, 9.40
101.30, 311, -55, 60.37, 9.40
101.35, 309, -47, 60.37, 9.40
101.40, 305, -39, 60.37, 9.40
101.45, 306, -36, 60.37, 9.40
101.50, 305, -36, 60.37, 9.40
101.55, 304, -42, 60.37, 9.40
101.60, 303, -51, 60.37, 9.40
101.65, 296, -58, 60.37, 9.40
101.70, 291, -63, 60.37, 9.40
101.75, 290, -65, 60.37, 9.40
101.80, 287, -64, 60.37, 9.40
101.85, 285, -63, 60.37, 9.40
101.90, 280, -62, 60.37, 9.40
101.95, 277, -60, 60.37, 9.40
102.00, 274, -56, 60.37, 9.40
102.05, 271, -50, 60.37, 9.40
102.10, 269, -43, 60.37, 9.40
102.15, 266, -38, 60.37, 9.40
102.20, 269, -38, 60.37, 9.40
102.25, 267, -40, 60.37, 9.40
102.30, 263, -44, 60.37, 9.40
102.35, 258, -48, 60.37, 9.40
102.40, 256, -49, 60.37, 9.40
102.45, 255, -51, 60.37, 9.40
102.50, 255, -53, 60.37, 9.40
102.55, 249, -56, 60.37, 9.40
102.60, 246, -62, 60.37, 9.40
102.65, 245, -67, 60.37, 9.40
102.70, 239, -71, 60.37, 9.40
102.75, 234, -73, 60.37, 9.40
102.80, 234, -74, 60.37, 9.40
102.85, 227, -70, 60.37, 9.40
102.90, 224, -65, 60.37, 9.40
102.95, 221, -60, 60.37, 9.40
103.00, 219, -54, 60.35, 9.40
103.05, 216, -50, 60.37, 9.40
103.10, 216, -47, 60.37, 9.40
103.15, 214, -45, 60.37, 9.40
103.20, 208, -44, 60.37, 9.40
103.25, 206, -43, 60.37, 9.40
103.30, 206, -44, 60.37, 9.40
103.35, 207, -45, 60.37, 9.40
103.40, 204, -48, 60.37, 9.40
103.45, 195, -48, 60.37, 9.40
103.50, 194, -48, 60.37, 9.40
103.55, 195, -46, 60.33, 9.40
103.60, 193, -43, 60.33, 9.40
103.65, 190, -44, 60.37, 9.40
103.70, 188, -45, 60.33, 9.40
103.75, 185, -46, 60.35, 9.40
103.80, 184, -46, 60.35, 9.40
103.85, 177, -47, 60.37, 9.40
103.90, 179, -49, 60.33, 9.40
103.95, 178, -54, 60.33, 9.40
104.00, 176, -60, 60.35, 9.40
104.05, 169, -67, 60.35, 9.40
104.10, 163, -71, 60.37, 9.40
104.15, 161, -73, 60.33, 9.40
104.20, 160, -72, 60.33, 9.40
104.25, 155, -69, 60.35, 9.40
104.30, 150, -64, 60.33, 9.40
104.35, 147, -59, 60.35, 9.40
104.40, 147, -55, 60.33, 9.40
104.45, 141, -53, 60.33, 9.40
104.50, 142, -55, 60.33, 9.40
104.55, 142, -60, 60.33, 9.40
104.60, 134, -66, 60.33, 9.40
104.65, 130, -71, 60.33, 9.40
104.70, 127, -73, 60.33, 9.40
104.75, 122, -69, 60.33, 9.40
104.80, 120, -65, 60.33, 9.40
104.85, 117, -59, 60.33, 9.40
104.90, 115, -54, 60.33, 9.40
104.95, 111, -52, 60.33, 9.40
105.00, 111, -51, 60.33, 9.40
105.05, 106, -52, 60.33, 9.40
105.10, 106, -52, 60.33, 9.40
105.15, 101, -50, 60.33, 9.40
105.20, 99, -45, 60.33, 9.40
105.25, 95, -37, 60.33, 9.40
105.30, 94, -27, 60.33, 9.40
105.35, 96, -13, 60.33, 9.40
105.40, 96, -1, 60.33, 9.40
105.45, 94, 3, 60.33, 9.40
105.50, 93, -0, 60.33, 9.40
105.55, 96, -19, 60.31, 0.00
105.60, 113, -46, 60.15, 0.00
105.65, 93, -69, 60.24, 0.00
105.70, 75, -81, 60.24, 0.00
105.75, 74, -78, 60.26, 0.00
105.80, 75, -58, 60.26, 0.00
105.85, 77, -35, 60.26, 0.00
105.90, 76, -18, 60.30, 0.00
105.95, 76, -6, 60.30, 0.00
106.00, 75, -4, 60.30, 0.00
106.05, 75, -4, 60.30, 0.00
106.10, 74, -3, 60.31, 0.00
106.15, 75, -2, 60.30, 0.00
106.20, 75, -1, 60.30, 0.00
106.25, 75, -1, 60.31, 0.00
106.30, 75, -1, 60.30, 0.00
106.35, 74, -2, 60.30, 0.00
106.40, 75, -2, 60.30, 0.00
106.45, 75, -2, 60.30, 0.00
106.50, 73, 0, 60.26, 0.00
106.55, 74, 1, 60.28, 0.00
106.60, 75, 2, 60.26, 0.00
106.65, 76, 3, 60.26, 0.00
106.70, 74, 2, 60.26, 0.00
106.75, 75, 1, 60.26, 0.00
106.80, 75, 1, 60.26, 0.00
106.85, 75, 1, 60.26, 0.00
106.90, 75, 2, 60.26, 0.00
106.95, 75, 3, 60.26, 0.00
107.00, 75, 5, 60.26, 0.00
107.05, 76, 6, 60.26, 0.00
107.10, 76, 5, 60.26, 0.00
107.15, 77, 4, 60.26, 0.00
107.20, 77, 1, 60.24, 0.00
107.25, 77, -2, 60.24, 0.00
107.30, 76, -3, 60.24, 0.00
107.35, 75, -4, 60.24, 0.00
107.40, 75, -3, 60.24, 0.00
107.45, 76, -1, 60.24, 0.00
107.50, 76, 1, 60.24, 0.00
107.55, 76, 2, 60.24, 0.00
107.60, 75, 2, 60.24, 0.00
107.65, 77, 1, 60.24, 0.00
107.70, 75, 1, 60.24, 0.00
107.75, 77, 1, 60.22, 0.00
107.80, 76, 1, 60.24, 0.00
107.85, 76, 0, 60.24, 0.00
107.90, 76, 0, 60.24, 0.00
107.95, 77, 0, 60.22, 0.00
108.00, 76, 0, 60.24, 0.00
108.05, 76, 0, 60.24, 0.00
108.10, 82, 0, 60.19, 0.00
108.15, 88, 0, 60.13, 0.00
108.20, 94, 0, 60.10, 0.00
108.30, -1, 0, 31.98, 25.50
