PerfectFlite SLCF
Firmware: 1.0
Software: 1.16
Serial Number: 5241
Apogee: 1794' AGL
Ground Elevation: -113' MSL
NumSamps: 1800
Flight Number: 9
Main Setting: 700' AGL
Apogee Delay: 0 Seconds
Drogue At: 10.85 Seconds
Main At: 34.25 Seconds
Max Drogue Current: 5 Amps
Max Main Current: 2 Amps

Time, Altitude, Velocity, Temperature (F), Voltage
0.00, 0, 0, 63.12, 8.70
0.05, 0, 0, 63.12, 8.70
0.10, 0, 0, 63.12, 8.70
0.15, 0, 0, 63.12, 8.70
0.20, 0, 11, 63.12, 8.70
0.25, 0, 23, 63.12, 8.70
0.30, -2, 36, 63.12, 8.70
0.35, 8, 49, 63.12, 8.70
0.40, 9, 62, 63.12, 8.70
0.45, 11, 71, 63.12, 8.70
0.50, 17, 77, 63.12, 8.70
0.55, 20, 84, 63.12, 8.70
0.60, 25, 92, 63.12, 8.70
0.65, 29, 102, 63.12, 8.70
0.70, 34, 115, 63.12, 8.70
0.75, 41, 129, 63.12, 8.70
0.80, 48, 144, 63.12, 8.70
0.85, 57, 160, 63.12, 8.70
0.90, 65, 175, 63.12, 8.70
0.95, 75, 189, 63.12, 8.70
1.00, 84, 202, 63.12, 8.70
1.05, 96, 212, 63.12, 8.70
1.10, 107, 217, 63.12, 8.70
1.15, 121, 218, 63.12, 8.70
1.20, 131, 213, 63.12, 8.70
1.25, 140, 205, 63.12, 8.70
1.30, 151, 198, 63.12, 8.70
1.35, 159, 194, 63.12, 8.70
1.40, 169, 196, 63.12, 8.70
1.45, 176, 204, 63.12, 8.70
1.50, 187, 215, 63.12, 8.70
1.55, 199, 224, 63.12, 8.70
1.60, 213, 225, 63.12, 8.70
1.65, 228, 214, 63.12, 8.70
1.70, 240, 197, 63.12, 8.70
1.75, 243, 181, 63.12, 8.70
1.80, 251, 179, 63.12, 8.70
1.85, 253, 198, 63.12, 8.70
1.90, 261, 238, 63.12, 8.70
1.95, 278, 288, 63.12, 8.70
2.00, 301, 336, 63.10, 8.70
2.05, 323, 369, 63.12, 8.70
2.10, 344, 381, 63.12, 8.70
2.15, 364, 377, 63.12, 8.70
2.20, 381, 365, 63.10, 8.70
2.25, 396, 354, 63.12, 8.70
2.30, 411, 346, 63.12, 8.70
2.35, 431, 344, 63.10, 8.70
2.40, 449, 346, 63.12, 8.70
2.45, 464, 348, 63.12, 8.70
2.50, 484, 347, 63.12, 8.70
2.55, 500, 344, 63.12, 8.70
2.60, 518, 338, 63.12, 8.70
2.65, 535, 330, 63.12, 8.70
2.70, 551, 324, 63.10, 8.70
2.75, 565, 318, 63.12, 8.70
2.80, 581, 313, 63.12, 8.70
2.85, 596, 310, 63.12, 8.70
2.90, 613, 306, 63.12, 8.70
2.95, 628, 302, 63.12, 8.70
3.00, 643, 296, 63.10, 8.70
3.05, 657, 291, 63.12, 8.70
3.10, 670, 286, 63.12, 8.70
3.15, 685, 284, 63.10, 8.70
3.20, 698, 283, 63.12, 8.70
3.25, 714, 282, 63.10, 8.70
3.30, 728, 280, 63.10, 8.70
3.35, 741, 277, 63.12, 8.70
3.40, 755, 273, 63.12, 8.70
3.45, 769, 271, 63.10, 8.70
3.50, 781, 272, 63.10, 8.70
3.55, 795, 274, 63.12, 8.70
3.60, 808, 279, 63.12, 8.70
3.65, 822, 282, 63.12, 8.70
3.70, 839, 282, 63.10, 8.70
3.75, 854, 279, 63.10, 8.70
3.80, 866, 272, 63.10, 8.70
3.85, 879, 263, 63.10, 8.70
3.90, 892, 255, 63.10, 8.70
3.95, 904, 251, 63.10, 8.70
4.00, 915, 249, 63.10, 8.70
4.05, 927, 251, 63.10, 8.70
4.10, 941, 253, 63.10, 8.70
4.15, 955, 254, 63.10, 8.70
4.20, 967, 253, 63.12, 8.70
4.25, 979, 250, 63.12, 8.70
4.30, 992, 246, 63.12, 8.70
4.35, 1004, 243, 63.10, 8.70
4.40, 1016, 240, 63.10, 8.70
4.45, 1027, 238, 63.10, 8.70
4.50, 1039, 238, 63.10, 8.70
4.55, 1051, 237, 63.10, 8.70
4.60, 1063, 236, 63.10, 8.70
4.65, 1075, 235, 63.10, 8.70
4.70, 1087, 231, 63.10, 8.70
4.75, 1099, 228, 63.10, 8.70
4.80, 1108, 224, 63.10, 8.70
4.85, 1120, 221, 63.10, 8.70
4.90, 1131, 219, 63.10, 8.70
4.95, 1142, 217, 63.10, 8.70
5.00, 1154, 215, 63.10, 8.70
5.05, 1162, 213, 63.10, 8.70
5.10, 1173, 212, 63.10, 8.70
5.15, 1185, 210, 63.10, 8.70
5.20, 1195, 207, 63.10, 8.70
5.25, 1206, 203, 63.10, 8.70
5.30, 1215, 199, 63.10, 8.70
5.35, 1224, 195, 63.10, 8.70
5.40, 1235, 193, 63.10, 8.70
5.45, 1242, 193, 63.10, 8.70
5.50, 1254, 193, 63.10, 8.70
5.55, 1263, 193, 63.10, 8.70
5.60, 1272, 193, 63.10, 8.70
5.65, 1283, 190, 63.10, 8.70
5.70, 1292, 188, 63.09, 8.70
5.75, 1301, 186, 63.10, 8.70
5.80, 1310, 183, 63.10, 8.70
5.85, 1319, 182, 63.10, 8.70
5.90, 1328, 180, 63.10, 8.70
5.95, 1337, 179, 63.10, 8.70
6.00, 1346, 177, 63.10, 8.70
6.05, 1355, 175, 63.10, 8.70
6.10, 1364, 173, 63.10, 8.70
6.15, 1371, 170, 63.10, 8.70
6.20, 1381, 168, 63.10, 8.70
6.25, 1388, 167, 63.10, 8.70
6.30, 1397, 166, 63.10, 8.70
6.35, 1405, 165, 63.09, 8.70
6.40, 1413, 164, 63.10, 8.70
6.45, 1422, 163, 63.10, 8.70
6.50, 1429, 161, 63.10, 8.70
6.55, 1438, 159, 63.10, 8.70
6.60, 1445, 156, 63.10, 8.70
6.65, 1453, 154, 63.10, 8.70
6.70, 1461, 152, 63.10, 8.70
6.75, 1467, 150, 63.10, 8.70
6.80, 1476, 149, 63.10, 8.70
6.85, 1483, 148, 63.10, 8.70
6.90, 1489, 147, 63.10, 8.70
6.95, 1498, 145, 63.10, 8.70
7.00, 1505, 142, 63.10, 8.70
7.05, 1512, 138, 63.10, 8.70
7.10, 1518, 133, 63.10, 8.70
7.15, 1525, 129, 63.10, 8.70
7.20, 1531, 126, 63.10, 8.70
7.25, 1536, 124, 63.10, 8.70
7.30, 1543, 123, 63.10, 8.70
7.35, 1549, 122, 63.10, 8.70
7.40, 1555, 122, 63.10, 8.70
7.45, 1561, 121, 63.10, 8.70
7.50, 1568, 121, 63.10, 8.70
7.55, 1573, 120, 63.10, 8.70
7.60, 1579, 119, 63.10, 8.70
7.65, 1585, 119, 63.10, 8.70
7.70, 1591, 118, 63.10, 8.70
7.75, 1597, 117, 63.10, 8.70
7.80, 1603, 115, 63.10, 8.70
7.85, 1609, 112, 63.10, 8.70
7.90, 1613, 109, 63.10, 8.70
7.95, 1620, 105, 63.10, 8.70
8.00, 1624, 102, 63.10, 8.70
8.05, 1629, 100, 63.10, 8.70
8.10, 1634, 99, 63.10, 8.70
8.15, 1638, 98, 63.10, 8.70
8.20, 1644, 97, 63.10, 8.70
8.25, 1649, 95, 63.10, 8.70
8.30, 1654, 94, 63.10, 8.70
8.35, 1657, 92, 63.10, 8.70
8.40, 1662, 91, 63.10, 8.70
8.45, 1667, 91, 63.10, 8.70
8.50, 1671, 91, 63.10, 8.70
8.55, 1676, 91, 63.10, 8.70
8.60, 1681, 89, 63.10, 8.70
8.65, 1686, 86, 63.10, 8.70
8.70, 1688, 84, 63.10, 8.70
8.75, 1693, 82, 63.10, 8.70
8.80, 1697, 80, 63.10, 8.70
8.85, 1701, 79, 63.10, 8.70
8.90, 1705, 77, 63.10, 8.70
8.95, 1709, 75, 63.10, 8.70
9.00, 1712, 72, 63.10, 8.70
9.05, 1716, 69, 63.10, 8.70
9.10, 1719, 67, 63.10, 8.70
9.15, 1723, 64, 63.09, 8.70
9.20, 1725, 62, 63.10, 8.70
9.25, 1728, 61, 63.10, 8.70
9.30, 1731, 60, 63.10, 8.70
9.35, 1735, 60, 63.10, 8.70
9.40, 1736, 59, 63.10, 8.70
9.45, 1741, 59, 63.10, 8.70
9.50, 1743, 58, 63.10, 8.70
9.55, 1746, 56, 63.10, 8.70
9.60, 1749, 54, 63.10, 8.70
9.65, 1751, 51, 63.10, 8.70
9.70, 1754, 49, 63.10, 8.70
9.75, 1756, 46, 63.10, 8.70
9.80, 1758, 44, 63.10, 8.70
9.85, 1760, 41, 63.10, 8.70
9.90, 1763, 38, 63.10, 8.70
9.95, 1764, 36, 63.10, 8.70
10.00, 1766, 33, 63.10, 8.70
10.05, 1766, 32, 63.10, 8.70
10.10, 1768, 32, 63.10, 8.70
10.15, 1771, 32, 63.10, 8.70
10.20, 1772, 32, 63.10, 8.70
10.25, 1773, 31, 63.10, 8.70
10.30, 1775, 29, 63.09, 8.70
10.35, 1776, 27, 63.10, 8.70
10.40, 1778, 25, 63.10, 8.70
10.45, 1779, 23, 63.10, 8.70
10.50, 1779, 21, 63.10, 8.70
10.55, 1781, 19, 63.10, 8.70
10.60, 1781, 17, 63.10, 8.70
10.65, 1783, 15, 63.09, 8.70
10.70, 1783, 12, 63.10, 8.70
10.75, 1784, 16, 63.10, 8.70
10.80, 1783, 22, 63.10, 8.70
10.85, 1784, 31, 63.10, 8.70
11.05, 1795, 24, 65.03, 8.80
11.10, 1793, 5, 65.53, 8.80
11.15, 1793, -12, 65.97, 8.80
11.20, 1792, -18, 66.36, 8.80
11.25, 1792, -21, 66.67, 8.80
11.30, 1790, -20, 66.94, 8.80
11.35, 1789, -15, 67.12, 8.80
11.40, 1789, -14, 67.26, 8.80
11.45, 1788, -12, 67.37, 8.80
11.50, 1788, -11, 67.41, 8.80
11.55, 1786, -14, 67.46, 8.80
11.60, 1788, -21, 67.46, 8.80
11.65, 1787, -30, 67.46, 8.80
11.70, 1786, -40, 67.42, 8.80
11.75, 1781, -45, 67.41, 8.80
11.80, 1772, -47, 67.37, 8.80
11.85, 1775, -45, 67.33, 8.80
11.90, 1774, -37, 67.28, 8.80
11.95, 1774, -29, 67.24, 8.80
12.00, 1773, -22, 67.19, 8.80
12.05, 1763, -12, 67.15, 8.80
12.10, 1763, -10, 67.12, 8.80
12.15, 1765, -10, 67.06, 8.80
12.20, 1760, -12, 67.03, 8.80
12.25, 1755, -18, 66.97, 8.80
12.30, 1752, -21, 66.94, 8.80
12.35, 1747, -24, 66.90, 8.80
12.40, 1746, -27, 66.85, 8.80
12.45, 1744, -29, 66.81, 8.80
12.50, 1744, -30, 66.78, 8.80
12.55, 1746, -31, 66.74, 8.80
12.60, 1751, -32, 66.70, 8.80
12.65, 1759, -32, 66.65, 8.80
12.70, 1774, -31, 66.63, 8.80
12.75, 1781, -30, 66.60, 8.80
12.80, 1780, -29, 66.60, 8.80
12.85, 1773, -29, 66.56, 8.80
12.90, 1759, -29, 66.52, 8.80
12.95, 1756, -30, 66.49, 8.80
13.00, 1755, -32, 66.49, 8.80
13.05, 1758, -32, 66.47, 8.80
13.10, 1765, -33, 66.45, 8.80
13.15, 1769, -33, 66.43, 8.80
13.20, 1770, -33, 66.43, 8.80
13.25, 1745, -32, 66.42, 8.80
13.30, 1735, -31, 66.40, 8.80
13.35, 1734, -30, 66.40, 8.80
13.40, 1732, -30, 66.36, 8.80
13.45, 1728, -30, 66.36, 8.80
13.50, 1728, -31, 66.36, 8.80
13.55, 1725, -34, 66.36, 8.80
13.60, 1724, -38, 66.34, 8.80
13.65, 1721, -43, 66.34, 8.80
13.70, 1719, -48, 66.34, 8.80
13.75, 1720, -51, 66.31, 8.80
13.80, 1724, -52, 66.31, 8.80
13.85, 1720, -51, 66.31, 8.80
13.90, 1712, -50, 66.31, 8.80
13.95, 1706, -49, 66.29, 8.80
14.00, 1703, -50, 66.27, 8.80
14.05, 1701, -52, 66.25, 8.80
14.10, 1694, -54, 66.25, 8.80
14.15, 1694, -55, 66.25, 8.80
14.20, 1696, -54, 66.25, 8.80
14.25, 1692, -51, 66.25, 8.80
14.30, 1690, -48, 66.24, 8.80
14.35, 1685, -46, 66.24, 8.80
14.40, 1686, -45, 66.22, 8.80
14.45, 1688, -45, 66.24, 8.80
14.50, 1687, -45, 66.22, 8.80
14.55, 1680, -45, 66.22, 8.80
14.60, 1676, -45, 66.22, 8.80
14.65, 1675, -46, 66.22, 8.80
14.70, 1671, -47, 66.22, 8.80
14.75, 1671, -48, 66.20, 8.80
14.80, 1670, -49, 66.18, 8.80
14.85, 1668, -48, 66.22, 8.80
14.90, 1664, -47, 66.20, 8.80
14.95, 1664, -45, 66.18, 8.80
15.00, 1660, -44, 66.20, 8.80
15.05, 1655, -43, 66.18, 8.80
15.10, 1653, -43, 66.20, 8.80
15.15, 1651, -43, 66.18, 8.80
15.20, 1652, -45, 66.18, 8.80
15.25, 1648, -46, 66.18, 8.80
15.30, 1645, -47, 66.18, 8.80
15.35, 1644, -49, 66.18, 8.80
15.40, 1641, -49, 66.18, 8.80
15.45, 1638, -50, 66.18, 8.80
15.50, 1638, -50, 66.15, 8.80
15.55, 1635, -49, 66.16, 8.80
15.60, 1634, -48, 66.15, 8.80
15.65, 1630, -48, 66.15, 8.80
15.70, 1626, -48, 66.15, 8.80
15.75, 1623, -47, 66.15, 8.80
15.80, 1620, -47, 66.15, 8.80
15.85, 1620, -47, 66.15, 8.80
15.90, 1623, -47, 66.15, 8.80
15.95, 1622, -47, 66.15, 8.80
16.00, 1616, -49, 66.15, 8.80
16.05, 1610, -49, 66.15, 8.80
16.10, 1616, -50, 66.15, 8.80
16.15, 1610, -50, 66.15, 8.80
16.20, 1599, -49, 66.15, 8.80
16.25, 1596, -49, 66.15, 8.80
16.30, 1591, -48, 66.15, 8.80
16.35, 1590, -48, 66.13, 8.80
16.40, 1588, -48, 66.15, 8.80
16.45, 1585, -48, 66.13, 8.80
16.50, 1587, -49, 66.13, 8.80
16.55, 1586, -49, 66.11, 8.80
16.60, 1583, -50, 66.09, 8.80
16.65, 1577, -50, 66.09, 8.80
16.70, 1576, -50, 66.11, 8.80
16.75, 1577, -51, 66.09, 8.80
16.80, 1580, -51, 66.09, 8.80
16.85, 1578, -52, 66.11, 8.80
16.90, 1574, -52, 66.09, 8.80
16.95, 1561, -53, 66.11, 8.80
17.00, 1556, -52, 66.11, 8.80
17.05, 1555, -52, 66.09, 8.80
17.10, 1556, -51, 66.09, 8.80
17.15, 1555, -51, 66.09, 8.80
17.20, 1551, -50, 66.09, 8.80
17.25, 1553, -50, 66.11, 8.80
17.30, 1551, -50, 66.09, 8.80
17.35, 1550, -50, 66.09, 8.80
17.40, 1546, -51, 66.09, 8.80
17.45, 1543, -51, 66.09, 8.80
17.50, 1538, -52, 66.09, 8.80
17.55, 1533, -52, 66.11, 8.80
17.60, 1533, -51, 66.07, 8.80
17.65, 1528, -51, 66.09, 8.80
17.70, 1525, -50, 66.09, 8.80
17.75, 1523, -50, 66.09, 8.80
17.80, 1517, -51, 66.09, 8.80
17.85, 1516, -51, 66.09, 8.80
18.00, 1510, -52, 66.13, 8.80
18.05, 1509, -52, 66.15, 8.80
18.10, 1510, -52, 66.22, 8.80
18.15, 1508, -53, 66.27, 8.80
18.20, 1498, -53, 66.34, 8.80
18.25, 1494, -53, 66.40, 8.80
18.30, 1491, -52, 66.47, 8.80
18.35, 1489, -52, 66.51, 8.80
18.40, 1487, -52, 66.56, 8.80
18.45, 1484, -52, 66.58, 8.80
18.50, 1484, -52, 66.60, 8.80
18.55, 1479, -52, 66.61, 8.80
18.60, 1478, -52, 66.61, 8.80
18.65, 1482, -51, 66.61, 8.80
18.70, 1482, -51, 66.65, 8.80
18.75, 1484, -51, 66.63, 8.80
18.80, 1476, -51, 66.63, 8.80
18.85, 1467, -52, 66.61, 8.80
18.90, 1461, -53, 66.61, 8.80
18.95, 1460, -53, 66.61, 8.80
19.00, 1456, -53, 66.61, 8.80
19.05, 1452, -53, 66.60, 8.80
19.10, 1450, -53, 66.60, 8.80
19.15, 1448, -52, 66.60, 8.70
19.20, 1450, -51, 66.60, 8.80
19.25, 1450, -50, 66.60, 8.70
19.30, 1448, -49, 66.56, 8.80
19.35, 1446, -49, 66.56, 8.80
19.40, 1439, -49, 66.56, 8.80
19.45, 1435, -49, 66.54, 8.80
19.50, 1431, -50, 66.52, 8.80
19.55, 1431, -50, 66.52, 8.80
19.60, 1428, -51, 66.52, 8.70
19.65, 1428, -53, 66.49, 8.70
19.70, 1426, -54, 66.49, 8.80
19.75, 1420, -54, 66.49, 8.70
19.80, 1416, -54, 66.49, 8.70
19.85, 1411, -53, 66.47, 8.70
19.90, 1411, -52, 66.49, 8.80
19.95, 1409, -51, 66.47, 8.80
20.00, 1410, -50, 66.47, 8.70
20.05, 1404, -50, 66.47, 8.80
20.10, 1403, -50, 66.47, 8.70
20.15, 1400, -50, 66.43, 8.70
20.20, 1396, -51, 66.43, 8.70
20.25, 1398, -51, 66.43, 8.70
20.30, 1397, -51, 66.43, 8.70
20.35, 1391, -51, 66.42, 8.80
20.40, 1387, -51, 66.42, 8.80
20.45, 1384, -50, 66.40, 8.70
20.50, 1383, -50, 66.40, 8.70
20.55, 1381, -50, 66.40, 8.70
20.60, 1380, -50, 66.40, 8.70
20.65, 1376, -51, 66.40, 8.70
20.70, 1371, -51, 66.40, 8.70
20.75, 1367, -51, 66.38, 8.70
20.80, 1365, -51, 66.38, 8.70
20.85, 1364, -51, 66.40, 8.70
20.90, 1361, -51, 66.38, 8.70
20.95, 1359, -51, 66.40, 8.70
21.00, 1357, -51, 66.36, 8.70
21.05, 1354, -51, 66.40, 8.70
21.10, 1351, -51, 66.38, 8.70
21.15, 1349, -51, 66.38, 8.70
21.20, 1349, -50, 66.36, 8.70
21.25, 1349, -50, 66.36, 8.70
21.30, 1345, -50, 66.36, 8.70
21.35, 1341, -50, 66.36, 8.70
21.40, 1337, -50, 66.36, 8.70
21.45, 1336, -51, 66.36, 8.70
21.50, 1330, -50, 66.36, 8.70
21.55, 1332, -50, 66.36, 8.70
21.60, 1329, -50, 66.36, 8.70
21.65, 1325, -49, 66.36, 8.70
21.70, 1319, -49, 66.36, 8.70
21.75, 1317, -49, 66.36, 8.70
21.80, 1314, -48, 66.36, 8.70
21.85, 1312, -48, 66.36, 8.70
21.90, 1307, -48, 66.36, 8.70
21.95, 1308, -48, 66.36, 8.70
22.00, 1306, -49, 66.36, 8.70
22.05, 1304, -49, 66.36, 8.70
22.10, 1301, -49, 66.36, 8.70
22.15, 1298, -49, 66.36, 8.70
22.20, 1300, -49, 66.36, 8.70
22.25, 1298, -49, 66.34, 8.70
22.30, 1293, -49, 66.34, 8.70
22.35, 1291, -49, 66.34, 8.70
22.40, 1283, -49, 66.36, 8.70
22.45, 1281, -50, 66.36, 8.70
22.50, 1288, -50, 66.34, 8.70
22.55, 1281, -50, 66.34, 8.70
22.60, 1280, -50, 66.34, 8.70
22.65, 1275, -49, 66.36, 8.70
22.70, 1273, -48, 66.34, 8.70
22.75, 1271, -48, 66.36, 8.70
22.80, 1271, -47, 66.34, 8.70
22.85, 1267, -47, 66.36, 8.70
22.90, 1264, -47, 66.36, 8.70
22.95, 1263, -47, 66.36, 8.70
23.00, 1258, -47, 66.36, 8.70
23.05, 1256, -48, 66.36, 8.70
23.10, 1251, -49, 66.36, 8.70
23.15, 1257, -49, 66.36, 8.70
23.20, 1253, -50, 66.36, 8.70
23.25, 1246, -50, 66.36, 8.70
23.30, 1246, -49, 66.36, 8.70
23.35, 1242, -48, 66.36, 8.70
23.40, 1235, -47, 66.34, 8.70
23.45, 1240, -47, 66.36, 8.70
23.50, 1230, -47, 66.36, 8.70
23.55, 1230, -48, 66.36, 8.70
23.60, 1227, -48, 66.36, 8.70
23.65, 1228, -49, 66.36, 8.70
23.70, 1224, -49, 66.36, 8.70
23.75, 1223, -49, 66.36, 8.70
23.80, 1220, -49, 66.36, 8.70
23.85, 1216, -49, 66.36, 8.70
23.90, 1218, -49, 66.34, 8.70
23.95, 1214, -49, 66.36, 8.70
24.00, 1210, -49, 66.36, 8.70
24.05, 1206, -49, 66.34, 8.70
24.10, 1204, -49, 66.36, 8.70
24.15, 1202, -50, 66.36, 8.70
24.20, 1196, -50, 66.36, 8.70
24.25, 1197, -49, 66.34, 8.70
24.30, 1198, -49, 66.34, 8.70
24.35, 1194, -48, 66.36, 8.70
24.40, 1193, -47, 66.34, 8.70
24.45, 1197, -47, 66.34, 8.70
24.50, 1187, -47, 66.34, 8.70
24.55, 1183, -47, 66.34, 8.70
24.60, 1182, -47, 66.34, 8.70
24.65, 1177, -48, 66.34, 8.70
24.70, 1177, -48, 66.34, 8.70
24.75, 1170, -48, 66.34, 8.70
24.80, 1171, -48, 66.34, 8.70
24.85, 1174, -48, 66.34, 8.70
24.90, 1165, -48, 66.34, 8.70
24.95, 1164, -49, 66.34, 8.70
25.00, 1162, -49, 66.34, 8.70
25.05, 1158, -49, 66.34, 8.70
25.10, 1156, -49, 66.34, 8.70
25.15, 1153, -49, 66.34, 8.70
25.20, 1152, -49, 66.34, 8.70
25.25, 1150, -49, 66.34, 8.70
25.30, 1148, -50, 66.34, 8.70
25.35, 1149, -50, 66.34, 8.70
25.40, 1145, -50, 66.36, 8.70
25.45, 1141, -50, 66.34, 8.70
25.50, 1139, -49, 66.36, 8.70
25.55, 1138, -49, 66.34, 8.70
25.60, 1129, -49, 66.36, 8.70
25.65, 1130, -49, 66.36, 8.70
25.70, 1129, -49, 66.34, 8.70
25.75, 1128, -49, 66.36, 8.70
25.80, 1126, -50, 66.36, 8.70
25.85, 1123, -50, 66.36, 8.70
25.90, 1117, -50, 66.36, 8.70
25.95, 1112, -50, 66.34, 8.70
26.00, 1114, -50, 66.34, 8.70
26.05, 1103, -49, 66.36, 8.70
26.10, 1108, -49, 66.36, 8.70
26.15, 1106, -49, 66.36, 8.70
26.20, 1100, -49, 66.36, 8.70
26.25, 1097, -49, 66.34, 8.70
26.30, 1097, -49, 66.36, 8.70
26.35, 1094, -50, 66.36, 8.70
26.40, 1096, -50, 66.36, 8.70
26.45, 1093, -50, 66.36, 8.70
26.50, 1093, -50, 66.36, 8.70
26.55, 1085, -50, 66.36, 8.70
26.60, 1081, -50, 66.36, 8.70
26.65, 1076, -50, 66.36, 8.70
26.70, 1077, -50, 66.34, 8.70
26.75, 1078, -50, 66.36, 8.70
26.80, 1072, -50, 66.36, 8.70
26.85, 1069, -50, 66.36, 8.70
26.90, 1064, -49, 66.36, 8.70
26.95, 1063, -49, 66.36, 8.70
27.00, 1064, -49, 66.36, 8.70
27.05, 1061, -49, 66.36, 8.70
27.10, 1058, -49, 66.36, 8.70
27.15, 1059, -49, 66.36, 8.70
27.20, 1053, -49, 66.36, 8.70
27.25, 1053, -49, 66.36, 8.70
27.30, 1049, -49, 66.36, 8.70
27.35, 1046, -50, 66.36, 8.70
27.40, 1048, -50, 66.36, 8.70
27.45, 1042, -50, 66.36, 8.70
27.50, 1038, -50, 66.36, 8.70
27.55, 1034, -49, 66.36, 8.70
27.60, 1029, -48, 66.36, 8.70
27.65, 1035, -47, 66.36, 8.70
27.70, 1034, -47, 66.36, 8.70
27.75, 1024, -47, 66.36, 8.70
27.80, 1021, -48, 66.34, 8.70
27.85, 1021, -48, 66.36, 8.70
27.90, 1020, -49, 66.36, 8.70
27.95, 1019, -49, 66.36, 8.70
28.00, 1014, -51, 66.34, 8.70
28.05, 1006, -51, 66.36, 8.70
28.10, 1010, -52, 66.34, 8.70
28.15, 1005, -52, 66.36, 8.70
28.20, 1001, -52, 66.36, 8.70
28.25, 999, -52, 66.36, 8.70
28.30, 1000, -52, 66.34, 8.70
28.35, 1000, -52, 66.36, 8.70
28.40, 994, -51, 66.34, 8.70
28.45, 989, -51, 66.36, 8.70
28.50, 991, -51, 66.36, 8.70
28.55, 991, -51, 66.36, 8.70
28.60, 990, -51, 66.36, 8.70
28.65, 985, -52, 66.36, 8.70
28.70, 984, -52, 66.36, 8.70
28.75, 977, -51, 66.34, 8.70
28.80, 977, -51, 66.36, 8.70
28.85, 970, -51, 66.36, 8.70
28.90, 969, -50, 66.36, 8.70
28.95, 963, -50, 66.36, 8.70
29.00, 960, -50, 66.36, 8.70
29.05, 956, -50, 66.36, 8.70
29.10, 955, -50, 66.36, 8.70
29.15, 951, -51, 66.36, 8.70
29.20, 952, -52, 66.34, 8.70
29.25, 949, -52, 66.36, 8.70
29.30, 948, -52, 66.36, 8.70
29.35, 943, -52, 66.36, 8.70
29.40, 941, -51, 66.36, 8.70
29.45, 941, -50, 66.36, 8.70
29.50, 941, -50, 66.36, 8.70
29.55, 930, -50, 66.36, 8.70
29.60, 929, -50, 66.36, 8.70
29.65, 926, -50, 66.36, 8.70
29.70, 927, -50, 66.36, 8.70
29.75, 927, -50, 66.36, 8.70
29.80, 924, -51, 66.36, 8.70
29.85, 919, -51, 66.36, 8.70
29.90, 916, -51, 66.36, 8.70
29.95, 919, -51, 66.36, 8.70
30.00, 914, -50, 66.36, 8.70
30.05, 913, -49, 66.34, 8.70
30.10, 902, -48, 66.36, 8.70
30.15, 899, -48, 66.36, 8.70
30.20, 898, -49, 66.36, 8.70
30.25, 898, -50, 66.36, 8.70
30.30, 895, -50, 66.36, 8.70
30.35, 894, -50, 66.34, 8.70
30.40, 895, -50, 66.36, 8.70
30.45, 898, -49, 66.34, 8.70
30.50, 893, -48, 66.36, 8.70
30.55, 888, -48, 66.34, 8.70
30.60, 886, -47, 66.36, 8.70
30.65, 886, -47, 66.36, 8.70
30.70, 883, -46, 66.36, 8.70
30.75, 877, -47, 66.36, 8.70
30.80, 870, -47, 66.36, 8.70
30.85, 866, -46, 66.36, 8.70
30.90, 861, -46, 66.36, 8.70
30.95, 862, -46, 66.36, 8.70
31.00, 861, -45, 66.36, 8.70
31.05, 862, -44, 66.36, 8.70
31.10, 861, -44, 66.36, 8.70
31.15, 856, -44, 66.36, 8.70
31.20, 853, -46, 66.36, 8.70
31.25, 844, -47, 66.36, 8.70
31.30, 846, -49, 66.36, 8.70
31.35, 846, -50, 66.36, 8.70
31.40, 844, -51, 66.36, 8.70
31.45, 843, -51, 66.36, 8.70
31.50, 841, -51, 66.36, 8.70
31.55, 839, -51, 66.36, 8.70
31.60, 833, -51, 66.36, 8.70
31.65, 840, -51, 66.34, 8.70
31.70, 837, -50, 66.36, 8.70
31.75, 830, -50, 66.34, 8.70
31.80, 827, -49, 66.36, 8.70
31.85, 828, -48, 66.36, 8.70
31.90, 831, -48, 66.36, 8.70
31.95, 824, -48, 66.36, 8.70
32.00, 821, -49, 66.36, 8.70
32.05, 824, -49, 66.34, 8.70
32.10, 818, -50, 66.34, 8.70
32.15, 808, -50, 66.34, 8.70
32.20, 803, -49, 66.36, 8.70
32.25, 801, -48, 66.34, 8.70
32.30, 797, -48, 66.34, 8.70
32.35, 795, -48, 66.36, 8.70
32.40, 797, -48, 66.34, 8.70
32.45, 792, -48, 66.36, 8.70
32.50, 791, -49, 66.34, 8.70
32.55, 789, -50, 66.34, 8.70
32.60, 786, -52, 66.34, 8.70
32.65, 783, -53, 66.34, 8.70
32.70, 777, -55, 66.34, 8.70
32.75, 776, -55, 66.36, 8.70
32.80, 774, -56, 66.34, 8.70
32.85, 771, -56, 66.34, 8.70
32.90, 770, -56, 66.34, 8.70
32.95, 766, -57, 66.36, 8.70
33.00, 765, -57, 66.36, 8.70
33.05, 761, -56, 66.36, 8.70
33.10, 757, -55, 66.36, 8.70
33.15, 759, -53, 66.34, 8.70
33.20, 751, -51, 66.36, 8.70
33.25, 752, -51, 66.36, 8.70
33.30, 754, -50, 66.36, 8.70
33.35, 751, -51, 66.36, 8.70
33.40, 748, -51, 66.34, 8.70
33.45, 751, -51, 66.34, 8.70
33.50, 742, -51, 66.36, 8.70
33.55, 736, -50, 66.36, 8.70
33.60, 729, -50, 66.36, 8.70
33.65, 728, -49, 66.36, 8.70
33.70, 724, -48, 66.36, 8.70
33.75, 718, -47, 66.36, 8.70
33.80, 718, -46, 66.36, 8.70
33.85, 720, -45, 66.36, 8.70
33.90, 714, -44, 66.34, 8.70
33.95, 712, -43, 66.36, 8.70
34.00, 710, -42, 66.34, 8.70
34.05, 706, -41, 66.36, 8.70
34.10, 709, -40, 66.36, 8.70
34.15, 707, -39, 66.36, 8.70
34.20, 704, -38, 66.36, 8.70
34.25, 699, -38, 66.36, 8.70
34.30, 697, -38, 66.36, 8.70
34.35, 695, -37, 66.36, 8.70
34.40, 693, -37, 66.36, 8.70
34.45, 691, -36, 66.36, 8.70
34.50, 690, -34, 66.36, 8.70
34.55, 688, -32, 66.36, 8.70
34.60, 686, -30, 66.36, 8.70
34.65, 686, -28, 66.36, 8.70
34.70, 685, -26, 66.36, 8.70
34.75, 684, -25, 66.36, 8.70
34.80, 684, -24, 66.36, 8.70
34.85, 684, -24, 66.36, 8.70
34.90, 685, -23, 66.36, 8.70
34.95, 682, -22, 66.36, 8.70
35.00, 681, -22, 66.36, 8.70
35.05, 682, -21, 66.34, 8.70
35.10, 681, -21, 66.34, 8.70
35.15, 679, -21, 66.36, 8.70
35.20, 679, -20, 66.36, 8.70
35.25, 679, -19, 66.36, 8.70
35.30, 679, -18, 66.34, 8.70
35.35, 677, -17, 66.36, 8.70
35.40, 676, -16, 66.34, 8.70
35.45, 674, -16, 66.34, 8.70
35.50, 672, -15, 66.36, 8.70
35.55, 675, -15, 66.34, 8.70
35.60, 674, -14, 66.34, 8.70
35.65, 674, -14, 66.34, 8.70
35.70, 673, -14, 66.34, 8.70
35.75, 672, -14, 66.34, 8.70
35.80, 668, -14, 66.36, 8.70
35.85, 670, -14, 66.34, 8.70
35.90, 669, -14, 66.36, 8.70
35.95, 669, -14, 66.34, 8.70
36.00, 667, -14, 66.36, 8.70
36.05, 666, -15, 66.34, 8.70
36.10, 664, -15, 66.34, 8.70
36.15, 663, -15, 66.36, 8.70
36.20, 663, -15, 66.34, 8.70
36.25, 663, -15, 66.34, 8.70
36.30, 663, -15, 66.34, 8.70
36.35, 663, -14, 66.34, 8.70
36.40, 661, -14, 66.34, 8.70
36.45, 659, -14, 66.36, 8.70
36.50, 659, -14, 66.36, 8.70
36.55, 659, -14, 66.34, 8.70
36.60, 658, -14, 66.34, 8.70
36.65, 659, -15, 66.34, 8.70
36.70, 658, -15, 66.36, 8.70
36.75, 656, -14, 66.36, 8.70
36.80, 656, -14, 66.36, 8.70
36.85, 656, -14, 66.34, 8.70
36.90, 655, -14, 66.34, 8.70
36.95, 653, -14, 66.34, 8.70
37.00, 653, -14, 66.34, 8.70
37.05, 652, -14, 66.34, 8.70
37.10, 652, -13, 66.34, 8.70
37.15, 650, -13, 66.34, 8.70
37.20, 650, -13, 66.34, 8.70
37.25, 649, -14, 66.34, 8.70
37.30, 649, -14, 66.34, 8.70
37.35, 650, -14, 66.34, 8.70
37.40, 649, -14, 66.34, 8.70
37.45, 647, -13, 66.34, 8.70
37.50, 647, -13, 66.34, 8.70
37.55, 646, -13, 66.34, 8.70
37.60, 644, -14, 66.34, 8.70
37.65, 644, -14, 66.34, 8.70
37.70, 644, -14, 66.34, 8.70
37.75, 642, -14, 66.34, 8.70
37.80, 643, -14, 66.36, 8.70
37.85, 643, -14, 66.34, 8.70
37.90, 642, -14, 66.34, 8.70
37.95, 639, -13, 66.34, 8.70
38.00, 639, -13, 66.34, 8.70
38.05, 639, -13, 66.34, 8.70
38.10, 638, -13, 66.34, 8.70
38.15, 637, -13, 66.34, 8.70
38.20, 636, -13, 66.34, 8.70
38.25, 636, -14, 66.34, 8.70
38.30, 635, -14, 66.34, 8.70
38.35, 634, -14, 66.34, 8.70
38.40, 634, -14, 66.34, 8.70
38.45, 633, -14, 66.34, 8.70
38.50, 633, -14, 66.34, 8.70
38.55, 632, -14, 66.34, 8.70
38.60, 631, -14, 66.34, 8.70
38.65, 631, -14, 66.34, 8.70
38.70, 631, -14, 66.33, 8.70
38.75, 629, -14, 66.33, 8.70
38.80, 628, -14, 66.34, 8.70
38.85, 628, -14, 66.34, 8.70
38.90, 627, -14, 66.34, 8.70
38.95, 627, -14, 66.33, 8.70
39.00, 628, -14, 66.33, 8.70
39.05, 625, -13, 66.33, 8.70
39.10, 625, -13, 66.34, 8.70
39.15, 624, -13, 66.34, 8.70
39.20, 622, -13, 66.34, 8.70
39.25, 622, -13, 66.33, 8.70
39.30, 621, -13, 66.34, 8.70
39.35, 620, -13, 66.33, 8.70
39.40, 619, -13, 66.34, 8.70
39.45, 619, -13, 66.34, 8.70
39.50, 619, -13, 66.33, 8.70
39.55, 618, -13, 66.34, 8.70
39.60, 617, -13, 66.34, 8.70
39.65, 616, -13, 66.34, 8.70
39.70, 615, -13, 66.34, 8.70
39.75, 615, -13, 66.34, 8.70
39.80, 615, -13, 66.33, 8.70
39.85, 614, -12, 66.34, 8.70
39.90, 613, -12, 66.34, 8.70
39.95, 612, -13, 66.34, 8.70
40.00, 613, -13, 66.33, 8.70
40.05, 612, -13, 66.33, 8.70
40.10, 611, -12, 66.34, 8.70
40.15, 610, -12, 66.33, 8.70
40.20, 611, -12, 66.34, 8.70
40.25, 609, -12, 66.34, 8.70
40.30, 609, -12, 66.33, 8.70
40.35, 607, -12, 66.33, 8.70
40.40, 608, -12, 66.34, 8.70
40.45, 607, -12, 66.33, 8.70
40.50, 606, -12, 66.33, 8.70
40.55, 606, -12, 66.33, 8.70
40.60, 606, -12, 66.33, 8.70
40.65, 605, -12, 66.33, 8.70
40.70, 604, -12, 66.33, 8.70
40.75, 604, -12, 66.33, 8.70
40.80, 604, -12, 66.31, 8.70
40.85, 603, -12, 66.33, 8.70
40.90, 603, -12, 66.31, 8.70
40.95, 603, -13, 66.31, 8.70
41.00, 600, -13, 66.33, 8.70
41.05, 600, -13, 66.33, 8.70
41.10, 600, -13, 66.31, 8.70
41.15, 600, -13, 66.31, 8.70
41.20, 598, -13, 66.31, 8.70
41.25, 597, -13, 66.31, 8.70
41.30, 596, -13, 66.33, 8.70
41.35, 595, -13, 66.31, 8.70
41.40, 596, -13, 66.31, 8.70
41.45, 595, -13, 66.31, 8.70
41.50, 594, -13, 66.31, 8.70
41.55, 593, -14, 66.31, 8.70
41.60, 593, -14, 66.31, 8.70
41.65, 592, -14, 66.31, 8.70
41.70, 592, -14, 66.31, 8.70
41.75, 590, -14, 66.31, 8.70
41.80, 590, -14, 66.31, 8.70
41.85, 589, -15, 66.31, 8.70
41.90, 587, -15, 66.31, 8.70
41.95, 589, -15, 66.31, 8.70
42.00, 587, -15, 66.31, 8.70
42.05, 586, -15, 66.31, 8.70
42.10, 585, -15, 66.31, 8.70
42.15, 586, -15, 66.31, 8.70
42.20, 584, -15, 66.31, 8.70
42.25, 584, -14, 66.29, 8.70
42.30, 582, -14, 66.31, 8.70
42.35, 582, -14, 66.31, 8.70
42.40, 581, -14, 66.31, 8.70
42.45, 581, -15, 66.29, 8.70
42.50, 579, -15, 66.31, 8.70
42.55, 578, -15, 66.31, 8.70
42.60, 578, -15, 66.31, 8.70
42.65, 576, -15, 66.29, 8.70
42.70, 578, -15, 66.27, 8.70
42.75, 575, -15, 66.31, 8.70
42.80, 575, -15, 66.29, 8.70
42.85, 574, -15, 66.31, 8.70
42.90, 573, -15, 66.31, 8.70
42.95, 573, -15, 66.29, 8.70
43.00, 572, -15, 66.31, 8.70
43.05, 571, -15, 66.31, 8.70
43.10, 570, -15, 66.31, 8.70
43.15, 570, -15, 66.31, 8.70
43.20, 569, -15, 66.31, 8.70
43.25, 569, -15, 66.31, 8.70
43.30, 568, -15, 66.31, 8.70
43.35, 568, -15, 66.29, 8.70
43.40, 566, -15, 66.27, 8.70
43.45, 565, -15, 66.31, 8.70
43.50, 564, -15, 66.31, 8.70
43.55, 564, -15, 66.27, 8.70
43.60, 565, -15, 66.29, 8.70
43.65, 563, -15, 66.31, 8.70
43.70, 562, -14, 66.31, 8.70
43.75, 561, -14, 66.29, 8.70
43.80, 560, -14, 66.29, 8.70
43.85, 560, -14, 66.29, 8.70
43.90, 558, -14, 66.31, 8.70
43.95, 558, -14, 66.31, 8.70
44.00, 557, -14, 66.29, 8.70
44.05, 556, -14, 66.31, 8.70
44.10, 556, -14, 66.31, 8.70
44.15, 555, -14, 66.29, 8.70
44.20, 555, -14, 66.29, 8.70
44.25, 554, -14, 66.29, 8.70
44.30, 553, -14, 66.31, 8.70
44.35, 553, -14, 66.29, 8.70
44.40, 553, -14, 66.31, 8.70
44.45, 550, -13, 66.31, 8.70
44.50, 550, -13, 66.29, 8.70
44.55, 550, -13, 66.29, 8.70
44.60, 548, -13, 66.31, 8.70
44.65, 548, -14, 66.31, 8.70
44.70, 548, -13, 66.29, 8.70
44.75, 547, -13, 66.29, 8.70
44.80, 547, -13, 66.27, 8.70
44.85, 547, -13, 66.29, 8.70
44.90, 545, -13, 66.29, 8.70
44.95, 545, -13, 66.31, 8.70
45.00, 544, -13, 66.31, 8.70
45.05, 544, -13, 66.29, 8.70
45.10, 544, -14, 66.31, 8.70
45.15, 541, -14, 66.31, 8.70
45.20, 542, -14, 66.29, 8.70
45.25, 542, -14, 66.29, 8.70
45.30, 539, -14, 66.31, 8.70
45.35, 539, -14, 66.31, 8.70
45.40, 540, -14, 66.29, 8.70
45.45, 539, -14, 66.27, 8.70
45.50, 538, -14, 66.29, 8.70
45.55, 538, -14, 66.27, 8.70
45.60, 536, -14, 66.31, 8.70
45.65, 535, -14, 66.31, 8.70
45.70, 536, -14, 66.29, 8.70
45.75, 535, -14, 66.29, 8.70
45.80, 533, -14, 66.29, 8.70
45.85, 533, -14, 66.29, 8.70
45.90, 532, -14, 66.29, 8.70
45.95, 531, -15, 66.29, 8.70
46.00, 530, -15, 66.29, 8.70
46.05, 529, -15, 66.29, 8.70
46.10, 528, -15, 66.29, 8.70
46.15, 529, -15, 66.29, 8.70
46.20, 527, -15, 66.29, 8.70
46.25, 526, -15, 66.31, 8.70
46.30, 525, -15, 66.29, 8.70
46.35, 525, -15, 66.29, 8.70
46.40, 525, -15, 66.29, 8.70
46.45, 522, -15, 66.31, 8.70
46.50, 522, -15, 66.31, 8.70
46.55, 522, -15, 66.31, 8.70
46.60, 520, -15, 66.31, 8.70
46.65, 520, -15, 66.29, 8.70
46.70, 520, -15, 66.29, 8.70
46.75, 518, -15, 66.31, 8.70
46.80, 518, -15, 66.29, 8.70
46.85, 518, -15, 66.29, 8.70
46.90, 517, -15, 66.29, 8.70
46.95, 516, -15, 66.31, 8.70
47.00, 514, -15, 66.29, 8.70
47.05, 513, -15, 66.31, 8.70
47.10, 513, -15, 66.29, 8.70
47.15, 511, -15, 66.29, 8.70
47.20, 512, -15, 66.27, 8.70
47.25, 511, -15, 66.29, 8.70
47.30, 509, -15, 66.31, 8.70
47.35, 510, -15, 66.27, 8.70
47.40, 509, -15, 66.27, 8.70
47.45, 507, -15, 66.31, 8.70
47.50, 508, -15, 66.27, 8.70
47.55, 507, -15, 66.27, 8.70
47.60, 505, -15, 66.29, 8.70
47.65, 506, -15, 66.27, 8.70
47.70, 504, -15, 66.31, 8.70
47.75, 504, -15, 66.29, 8.70
47.80, 504, -15, 66.29, 8.70
47.85, 502, -15, 66.29, 8.70
47.90, 502, -15, 66.27, 8.70
47.95, 501, -15, 66.29, 8.70
48.00, 500, -14, 66.29, 8.70
48.05, 499, -14, 66.27, 8.70
48.10, 499, -14, 66.29, 8.70
48.15, 498, -14, 66.29, 8.70
48.20, 497, -14, 66.29, 8.70
48.25, 497, -14, 66.27, 8.70
48.30, 495, -14, 66.27, 8.70
48.35, 495, -14, 66.27, 8.70
48.40, 493, -14, 66.27, 8.70
48.45, 493, -14, 66.29, 8.70
48.50, 493, -14, 66.27, 8.70
48.55, 492, -14, 66.27, 8.70
48.60, 491, -14, 66.27, 8.70
48.65, 491, -15, 66.27, 8.70
48.70, 490, -15, 66.27, 8.70
48.75, 489, -15, 66.29, 8.70
48.80, 489, -15, 66.27, 8.70
48.85, 488, -15, 66.27, 8.70
48.90, 487, -15, 66.27, 8.70
48.95, 486, -14, 66.27, 8.70
49.00, 486, -14, 66.27, 8.70
49.05, 486, -14, 66.27, 8.70
49.10, 484, -14, 66.27, 8.70
49.15, 484, -14, 66.27, 8.70
49.20, 483, -14, 66.27, 8.70
49.25, 484, -14, 66.27, 8.70
49.30, 482, -14, 66.27, 8.70
49.35, 481, -14, 66.27, 8.70
49.40, 480, -14, 66.27, 8.70
49.45, 479, -14, 66.27, 8.70
49.50, 478, -14, 66.27, 8.70
49.55, 479, -14, 66.27, 8.70
49.60, 476, -14, 66.29, 8.70
49.65, 476, -14, 66.29, 8.70
49.70, 476, -14, 66.27, 8.70
49.75, 474, -14, 66.27, 8.70
49.80, 474, -14, 66.27, 8.70
49.85, 474, -14, 66.27, 8.70
49.90, 472, -14, 66.27, 8.70
49.95, 472, -14, 66.27, 8.70
50.00, 472, -14, 66.27, 8.70
50.05, 471, -14, 66.27, 8.70
50.10, 470, -14, 66.27, 8.70
50.15, 470, -14, 66.27, 8.70
50.20, 468, -14, 66.27, 8.70
50.25, 467, -14, 66.27, 8.70
50.30, 468, -14, 66.27, 8.70
50.35, 466, -14, 66.27, 8.70
50.40, 466, -14, 66.27, 8.70
50.45, 465, -14, 66.27, 8.70
50.50, 465, -14, 66.27, 8.70
50.55, 464, -14, 66.27, 8.70
50.60, 462, -14, 66.27, 8.70
50.65, 463, -14, 66.27, 8.70
50.70, 463, -14, 66.27, 8.70
50.75, 461, -14, 66.27, 8.70
50.80, 461, -14, 66.27, 8.70
50.85, 458, -14, 66.27, 8.70
50.90, 459, -14, 66.27, 8.70
50.95, 459, -14, 66.27, 8.70
51.00, 458, -14, 66.27, 8.70
51.05, 456, -14, 66.27, 8.70
51.10, 457, -14, 66.27, 8.70
51.15, 456, -14, 66.27, 8.70
51.20, 455, -14, 66.25, 8.70
51.25, 453, -14, 66.27, 8.70
51.30, 454, -14, 66.25, 8.70
51.35, 453, -14, 66.27, 8.70
51.40, 452, -14, 66.25, 8.70
51.45, 450, -14, 66.27, 8.70
51.50, 450, -14, 66.27, 8.70
51.55, 450, -14, 66.27, 8.70
51.60, 449, -14, 66.25, 8.70
51.65, 449, -14, 66.25, 8.70
51.70, 448, -14, 66.27, 8.70
51.75, 447, -14, 66.25, 8.70
51.80, 446, -14, 66.27, 8.70
51.85, 446, -14, 66.27, 8.70
51.90, 443, -14, 66.27, 8.70
51.95, 443, -14, 66.27, 8.70
52.00, 444, -14, 66.25, 8.70
52.05, 443, -14, 66.25, 8.70
52.10, 443, -14, 66.25, 8.70
52.15, 440, -14, 66.27, 8.70
52.20, 442, -14, 66.25, 8.70
52.25, 440, -14, 66.25, 8.70
52.30, 438, -14, 66.27, 8.70
52.35, 438, -14, 66.25, 8.70
52.40, 439, -14, 66.25, 8.70
52.45, 436, -14, 66.27, 8.70
52.50, 438, -14, 66.25, 8.70
52.55, 436, -14, 66.27, 8.70
52.60, 435, -14, 66.25, 8.70
52.65, 435, -14, 66.25, 8.70
52.70, 434, -14, 66.25, 8.70
52.75, 433, -14, 66.25, 8.70
52.80, 432, -14, 66.25, 8.70
52.85, 432, -14, 66.25, 8.70
52.90, 430, -14, 66.27, 8.70
52.95, 430, -14, 66.27, 8.70
53.00, 429, -14, 66.25, 8.70
53.05, 429, -14, 66.25, 8.70
53.10, 428, -14, 66.25, 8.70
53.15, 427, -14, 66.25, 8.70
53.20, 426, -14, 66.25, 8.70
53.25, 427, -14, 66.25, 8.70
53.30, 426, -14, 66.25, 8.70
53.35, 425, -14, 66.25, 8.70
53.40, 424, -14, 66.25, 8.70
53.45, 424, -14, 66.25, 8.70
53.50, 424, -14, 66.25, 8.70
53.55, 421, -14, 66.25, 8.70
53.60, 421, -14, 66.25, 8.70
53.65, 421, -14, 66.25, 8.70
53.70, 420, -14, 66.25, 8.70
53.75, 420, -14, 66.25, 8.70
53.80, 418, -14, 66.25, 8.70
53.85, 418, -13, 66.25, 8.70
53.90, 417, -13, 66.25, 8.70
53.95, 416, -13, 66.25, 8.70
54.00, 417, -13, 66.25, 8.70
54.05, 414, -13, 66.25, 8.70
54.10, 414, -13, 66.25, 8.70
54.15, 414, -13, 66.25, 8.70
54.20, 414, -13, 66.25, 8.70
54.25, 412, -13, 66.25, 8.70
54.30, 412, -14, 66.25, 8.70
54.35, 411, -14, 66.25, 8.70
54.40, 411, -14, 66.25, 8.70
54.45, 409, -13, 66.25, 8.70
54.50, 409, -13, 66.25, 8.70
54.55, 408, -13, 66.25, 8.70
54.60, 408, -13, 66.25, 8.70
54.65, 407, -13, 66.25, 8.70
54.70, 407, -13, 66.25, 8.70
54.75, 405, -13, 66.25, 8.70
54.80, 405, -13, 66.25, 8.70
54.85, 405, -13, 66.25, 8.70
54.90, 404, -13, 66.25, 8.70
54.95, 403, -13, 66.25, 8.70
55.00, 403, -13, 66.25, 8.70
55.05, 402, -13, 66.25, 8.70
55.10, 401, -13, 66.25, 8.70
55.15, 401, -13, 66.25, 8.70
55.20, 400, -14, 66.25, 8.70
55.25, 399, -14, 66.25, 8.70
55.30, 399, -14, 66.25, 8.70
55.35, 397, -13, 66.25, 8.70
55.40, 398, -13, 66.25, 8.70
55.45, 397, -13, 66.25, 8.70
55.50, 397, -13, 66.25, 8.70
55.55, 396, -13, 66.25, 8.70
55.60, 394, -13, 66.25, 8.70
55.65, 394, -13, 66.25, 8.70
55.70, 393, -13, 66.25, 8.70
55.75, 393, -13, 66.25, 8.70
55.80, 391, -13, 66.25, 8.70
55.85, 390, -13, 66.25, 8.70
55.90, 392, -13, 66.24, 8.70
55.95, 390, -13, 66.25, 8.70
56.00, 388, -13, 66.25, 8.70
56.05, 389, -13, 66.25, 8.70
56.10, 388, -13, 66.25, 8.70
56.15, 386, -13, 66.25, 8.70
56.20, 387, -13, 66.25, 8.70
56.25, 385, -13, 66.25, 8.70
56.30, 384, -14, 66.25, 8.70
56.35, 385, -14, 66.25, 8.70
56.40, 384, -14, 66.25, 8.70
56.45, 383, -14, 66.24, 8.70
56.50, 382, -14, 66.25, 8.70
56.55, 382, -14, 66.25, 8.70
56.60, 381, -14, 66.25, 8.70
56.65, 381, -14, 66.24, 8.70
56.70, 380, -14, 66.25, 8.70
56.75, 379, -14, 66.25, 8.70
56.80, 379, -14, 66.24, 8.70
56.85, 377, -14, 66.25, 8.70
56.90, 377, -14, 66.25, 8.70
56.95, 377, -14, 66.25, 8.70
57.00, 377, -14, 66.25, 8.70
57.05, 375, -14, 66.25, 8.70
57.10, 375, -14, 66.24, 8.70
57.15, 374, -14, 66.24, 8.70
57.20, 373, -14, 66.22, 8.70
57.25, 372, -14, 66.25, 8.70
57.30, 371, -14, 66.24, 8.70
57.35, 370, -14, 66.25, 8.70
57.40, 370, -14, 66.24, 8.70
57.45, 370, -14, 66.24, 8.70
57.50, 370, -15, 66.22, 8.70
57.55, 367, -15, 66.25, 8.70
57.60, 367, -15, 66.24, 8.70
57.65, 366, -15, 66.25, 8.70
57.70, 366, -15, 66.22, 8.70
57.75, 365, -15, 66.24, 8.70
57.80, 365, -15, 66.25, 8.70
57.85, 363, -15, 66.25, 8.70
57.90, 363, -15, 66.22, 8.70
57.95, 361, -15, 66.24, 8.70
58.00, 359, -15, 66.25, 8.70
58.05, 360, -15, 66.24, 8.70
58.10, 358, -15, 66.25, 8.70
58.15, 359, -15, 66.22, 8.70
58.20, 358, -14, 66.24, 8.70
58.25, 357, -14, 66.24, 8.70
58.30, 357, -14, 66.22, 8.70
58.35, 356, -14, 66.22, 8.70
58.40, 354, -14, 66.25, 8.70
58.45, 355, -15, 66.24, 8.70
58.50, 353, -15, 66.24, 8.70
58.55, 352, -15, 66.22, 8.70
58.60, 352, -15, 66.22, 8.70
58.65, 352, -15, 66.22, 8.70
58.70, 351, -15, 66.24, 8.70
58.75, 350, -14, 66.24, 8.70
58.80, 349, -14, 66.24, 8.70
58.85, 348, -14, 66.25, 8.70
58.90, 347, -14, 66.24, 8.70
58.95, 346, -14, 66.24, 8.70
59.00, 348, -14, 66.22, 8.70
59.05, 346, -14, 66.22, 8.70
59.10, 345, -14, 66.22, 8.70
59.15, 344, -14, 66.24, 8.70
59.20, 345, -14, 66.22, 8.70
59.25, 344, -14, 66.22, 8.70
59.30, 342, -14, 66.24, 8.70
59.35, 342, -14, 66.24, 8.70
59.40, 341, -14, 66.22, 8.70
59.45, 340, -14, 66.24, 8.70
59.50, 339, -14, 66.22, 8.70
59.55, 339, -14, 66.22, 8.70
59.60, 338, -14, 66.22, 8.70
59.65, 337, -14, 66.22, 8.70
59.70, 337, -14, 66.22, 8.70
59.75, 336, -14, 66.22, 8.70
59.80, 336, -14, 66.22, 8.70
59.85, 335, -14, 66.22, 8.70
59.90, 334, -14, 66.24, 8.70
59.95, 332, -14, 66.24, 8.70
60.00, 332, -14, 66.22, 8.70
60.05, 331, -14, 66.22, 8.70
60.10, 331, -14, 66.22, 8.70
60.15, 332, -14, 66.22, 8.70
60.20, 329, -14, 66.24, 8.70
60.25, 328, -14, 66.22, 8.70
60.30, 328, -14, 66.22, 8.70
60.35, 328, -14, 66.22, 8.70
60.40, 327, -14, 66.22, 8.70
60.45, 327, -14, 66.22, 8.70
60.50, 327, -14, 66.22, 8.70
60.55, 324, -14, 66.22, 8.70
60.60, 325, -14, 66.22, 8.70
60.65, 323, -14, 66.22, 8.70
60.70, 323, -14, 66.22, 8.70
60.75, 322, -14, 66.22, 8.70
60.80, 320, -14, 66.22, 8.70
60.85, 321, -13, 66.22, 8.70
60.90, 320, -13, 66.22, 8.70
60.95, 319, -13, 66.22, 8.70
61.00, 319, -13, 66.22, 8.70
61.05, 319, -13, 66.22, 8.70
61.10, 318, -13, 66.22, 8.70
61.15, 318, -13, 66.22, 8.70
61.20, 316, -13, 66.22, 8.70
61.25, 316, -13, 66.22, 8.70
61.30, 316, -13, 66.22, 8.70
61.35, 314, -13, 66.20, 8.70
61.40, 314, -13, 66.22, 8.70
61.45, 312, -13, 66.22, 8.70
61.50, 312, -13, 66.22, 8.70
61.55, 311, -13, 66.22, 8.70
61.60, 310, -13, 66.22, 8.70
61.65, 310, -13, 66.22, 8.70
61.70, 309, -13, 66.22, 8.70
61.75, 309, -13, 66.22, 8.70
61.80, 309, -13, 66.22, 8.70
61.85, 308, -13, 66.20, 8.70
61.90, 306, -13, 66.22, 8.70
61.95, 308, -13, 66.20, 8.70
62.00, 307, -13, 66.20, 8.70
62.05, 304, -13, 66.22, 8.70
62.10, 304, -13, 66.20, 8.70
62.15, 304, -13, 66.20, 8.70
62.20, 302, -13, 66.20, 8.70
62.25, 302, -13, 66.22, 8.70
62.30, 303, -13, 66.20, 8.70
62.35, 300, -13, 66.22, 8.70
62.40, 301, -13, 66.22, 8.70
62.45, 300, -13, 66.20, 8.70
62.50, 299, -13, 66.20, 8.70
62.55, 297, -13, 66.22, 8.70
62.60, 298, -13, 66.20, 8.70
62.65, 298, -13, 66.20, 8.70
62.70, 297, -13, 66.20, 8.70
62.75, 295, -13, 66.20, 8.70
62.80, 296, -14, 66.20, 8.70
62.85, 294, -14, 66.20, 8.70
62.90, 293, -14, 66.20, 8.70
62.95, 294, -14, 66.18, 8.70
63.00, 293, -14, 66.20, 8.70
63.05, 292, -13, 66.20, 8.70
63.10, 292, -13, 66.18, 8.70
63.15, 291, -13, 66.18, 8.70
63.20, 289, -13, 66.20, 8.70
63.25, 290, -14, 66.18, 8.70
63.30, 288, -14, 66.20, 8.70
63.35, 288, -14, 66.20, 8.70
63.40, 287, -14, 66.18, 8.70
63.45, 286, -14, 66.20, 8.70
63.50, 286, -14, 66.20, 8.70
63.55, 285, -14, 66.20, 8.70
63.60, 284, -14, 66.18, 8.70
63.65, 283, -14, 66.18, 8.70
63.70, 282, -14, 66.18, 8.70
63.75, 283, -14, 66.18, 8.70
63.80, 281, -14, 66.20, 8.70
63.85, 280, -14, 66.18, 8.70
63.90, 281, -14, 66.18, 8.70
63.95, 279, -14, 66.20, 8.70
64.00, 279, -14, 66.18, 8.70
64.05, 278, -14, 66.18, 8.70
64.10, 278, -14, 66.18, 8.70
64.15, 276, -14, 66.20, 8.70
64.20, 275, -14, 66.20, 8.70
64.25, 275, -14, 66.20, 8.70
64.30, 275, -14, 66.18, 8.70
64.35, 274, -14, 66.18, 8.70
64.40, 273, -14, 66.18, 8.70
64.45, 273, -14, 66.18, 8.70
64.50, 271, -14, 66.20, 8.70
64.55, 272, -14, 66.18, 8.70
64.60, 270, -14, 66.18, 8.70
64.65, 270, -14, 66.18, 8.70
64.70, 268, -14, 66.20, 8.70
64.75, 269, -14, 66.18, 8.70
64.80, 268, -14, 66.18, 8.70
64.85, 267, -14, 66.18, 8.70
64.90, 266, -14, 66.18, 8.70
64.95, 266, -14, 66.18, 8.70
65.00, 266, -14, 66.18, 8.70
65.05, 264, -14, 66.18, 8.70
65.10, 263, -14, 66.18, 8.70
65.15, 263, -14, 66.18, 8.70
65.20, 262, -14, 66.18, 8.70
65.25, 261, -14, 66.18, 8.70
65.30, 261, -14, 66.18, 8.70
65.35, 260, -14, 66.18, 8.70
65.40, 260, -14, 66.20, 8.70
65.45, 258, -14, 66.18, 8.70
65.50, 258, -14, 66.18, 8.70
65.55, 257, -14, 66.18, 8.70
65.60, 257, -14, 66.18, 8.70
65.65, 255, -14, 66.18, 8.70
65.70, 255, -14, 66.18, 8.70
65.75, 254, -14, 66.18, 8.70
65.80, 253, -14, 66.18, 8.70
65.85, 252, -14, 66.18, 8.70
65.90, 252, -14, 66.18, 8.70
65.95, 252, -14, 66.18, 8.70
66.00, 250, -14, 66.18, 8.70
66.05, 251, -14, 66.16, 8.70
66.10, 250, -14, 66.18, 8.70
66.15, 249, -14, 66.18, 8.70
66.20, 248, -14, 66.18, 8.70
66.25, 248, -14, 66.18, 8.70
66.30, 247, -14, 66.18, 8.70
66.35, 246, -14, 66.18, 8.70
66.40, 247, -14, 66.18, 8.70
66.45, 245, -14, 66.18, 8.70
66.50, 245, -14, 66.18, 8.70
66.55, 243, -14, 66.18, 8.70
66.60, 242, -14, 66.18, 8.70
66.65, 244, -14, 66.16, 8.70
66.70, 242, -13, 66.18, 8.70
66.75, 240, -14, 66.18, 8.70
66.80, 241, -14, 66.18, 8.70
66.85, 239, -14, 66.18, 8.70
66.90, 239, -14, 66.18, 8.70
66.95, 237, -14, 66.18, 8.70
67.00, 237, -13, 66.18, 8.70
67.05, 237, -13, 66.18, 8.70
67.10, 235, -13, 66.18, 8.70
67.15, 235, -13, 66.16, 8.70
67.20, 234, -13, 66.16, 8.70
67.25, 234, -14, 66.16, 8.70
67.30, 232, -14, 66.18, 8.70
67.35, 234, -14, 66.16, 8.70
67.40, 231, -14, 66.18, 8.70
67.45, 231, -14, 66.18, 8.70
67.50, 231, -14, 66.15, 8.70
67.55, 230, -14, 66.18, 8.70
67.60, 229, -14, 66.18, 8.70
67.65, 229, -14, 66.16, 8.70
67.70, 227, -14, 66.18, 8.70
67.75, 227, -13, 66.18, 8.70
67.80, 226, -13, 66.16, 8.70
67.85, 224, -13, 66.16, 8.70
67.90, 225, -13, 66.15, 8.70
67.95, 225, -13, 66.16, 8.70
68.00, 225, -13, 66.15, 8.70
68.05, 224, -13, 66.15, 8.70
68.10, 222, -13, 66.16, 8.70
68.15, 222, -13, 66.16, 8.70
68.20, 222, -13, 66.15, 8.70
68.25, 220, -13, 66.16, 8.70
68.30, 220, -13, 66.15, 8.70
68.35, 220, -13, 66.15, 8.70
68.40, 219, -13, 66.15, 8.70
68.45, 218, -13, 66.15, 8.70
68.50, 217, -13, 66.16, 8.70
68.55, 217, -13, 66.15, 8.70
68.60, 215, -13, 66.16, 8.70
68.65, 216, -13, 66.15, 8.70
68.70, 214, -13, 66.16, 8.70
68.75, 215, -13, 66.15, 8.70
68.80, 214, -13, 66.15, 8.70
68.85, 212, -13, 66.16, 8.70
68.90, 212, -13, 66.15, 8.70
68.95, 210, -13, 66.15, 8.70
69.00, 210, -14, 66.15, 8.70
69.05, 210, -14, 66.15, 8.70
69.10, 210, -14, 66.15, 8.70
69.15, 209, -14, 66.15, 8.70
69.20, 207, -14, 66.16, 8.70
69.25, 208, -14, 66.15, 8.70
69.30, 206, -14, 66.15, 8.70
69.35, 206, -14, 66.15, 8.70
69.40, 204, -14, 66.15, 8.70
69.45, 205, -14, 66.15, 8.70
69.50, 204, -14, 66.15, 8.70
69.55, 203, -14, 66.15, 8.70
69.60, 203, -14, 66.15, 8.70
69.65, 200, -14, 66.15, 8.70
69.70, 201, -14, 66.15, 8.70
69.75, 200, -14, 66.15, 8.70
69.80, 200, -14, 66.15, 8.70
69.85, 199, -14, 66.15, 8.70
69.90, 199, -14, 66.15, 8.70
69.95, 197, -14, 66.15, 8.70
70.00, 197, -14, 66.15, 8.70
70.05, 195, -14, 66.15, 8.70
70.10, 195, -14, 66.15, 8.70
70.15, 194, -14, 66.15, 8.70
70.20, 193, -14, 66.15, 8.70
70.25, 193, -14, 66.15, 8.70
70.30, 193, -14, 66.15, 8.70
70.35, 192, -14, 66.15, 8.70
70.40, 191, -14, 66.15, 8.70
70.45, 191, -14, 66.15, 8.70
70.50, 190, -14, 66.15, 8.70
70.55, 189, -14, 66.15, 8.70
70.60, 188, -14, 66.15, 8.70
70.65, 187, -14, 66.15, 8.70
70.70, 187, -14, 66.15, 8.70
70.75, 186, -14, 66.15, 8.70
70.80, 187, -14, 66.15, 8.70
70.85, 184, -14, 66.15, 8.70
70.90, 184, -14, 66.15, 8.70
70.95, 184, -14, 66.15, 8.70
71.00, 184, -14, 66.15, 8.70
71.05, 182, -14, 66.15, 8.70
71.10, 180, -14, 66.15, 8.70
71.15, 181, -14, 66.15, 8.70
71.20, 180, -14, 66.15, 8.70
71.25, 179, -14, 66.15, 8.70
71.30, 178, -14, 66.15, 8.70
71.35, 178, -14, 66.15, 8.70
71.40, 177, -14, 66.15, 8.70
71.45, 176, -14, 66.15, 8.70
71.50, 176, -14, 66.15, 8.70
71.55, 175, -14, 66.15, 8.70
71.60, 174, -14, 66.15, 8.70
71.65, 173, -14, 66.15, 8.70
71.70, 173, -14, 66.15, 8.70
71.75, 171, -14, 66.15, 8.70
71.80, 172, -14, 66.15, 8.70
71.85, 173, -14, 66.13, 8.70
71.90, 170, -14, 66.15, 8.70
71.95, 170, -14, 66.15, 8.70
72.00, 169, -14, 66.13, 8.70
72.05, 168, -14, 66.15, 8.70
72.10, 168, -14, 66.13, 8.70
72.15, 167, -14, 66.13, 8.70
72.20, 166, -14, 66.13, 8.70
72.25, 166, -14, 66.13, 8.70
72.30, 165, -14, 66.13, 8.70
72.35, 164, -14, 66.13, 8.70
72.40, 162, -14, 66.15, 8.70
72.45, 162, -14, 66.13, 8.70
72.50, 162, -14, 66.13, 8.70
72.55, 162, -14, 66.13, 8.70
72.60, 160, -13, 66.13, 8.70
72.65, 161, -13, 66.13, 8.70
72.70, 157, -14, 66.15, 8.70
72.75, 159, -14, 66.13, 8.70
72.80, 158, -14, 66.13, 8.70
72.85, 158, -14, 66.13, 8.70
72.90, 156, -14, 66.15, 8.70
72.95, 156, -14, 66.13, 8.70
73.00, 155, -14, 66.13, 8.70
73.05, 154, -14, 66.15, 8.70
73.10, 154, -14, 66.13, 8.70
73.15, 153, -14, 66.13, 8.70
73.20, 152, -14, 66.13, 8.70
73.25, 151, -14, 66.13, 8.70
73.30, 151, -14, 66.13, 8.70
73.35, 150, -14, 66.13, 8.70
73.40, 150, -14, 66.13, 8.70
73.45, 149, -14, 66.13, 8.70
73.50, 149, -14, 66.13, 8.70
73.55, 147, -14, 66.13, 8.70
73.60, 147, -14, 66.13, 8.70
73.65, 147, -14, 66.13, 8.70
73.70, 146, -14, 66.13, 8.70
73.75, 144, -14, 66.13, 8.70
73.80, 144, -14, 66.13, 8.70
73.85, 143, -14, 66.13, 8.70
73.90, 142, -14, 66.13, 8.70
73.95, 141, -14, 66.13, 8.70
74.00, 140, -14, 66.13, 8.70
74.05, 140, -14, 66.13, 8.70
74.10, 140, -14, 66.13, 8.70
74.15, 139, -14, 66.13, 8.70
74.20, 138, -14, 66.13, 8.70
74.25, 137, -14, 66.13, 8.70
74.30, 137, -15, 66.13, 8.70
74.35, 135, -15, 66.13, 8.70
74.40, 135, -15, 66.13, 8.70
74.45, 135, -15, 66.13, 8.70
74.50, 134, -15, 66.13, 8.70
74.55, 133, -15, 66.13, 8.70
74.60, 132, -15, 66.13, 8.70
74.65, 132, -15, 66.13, 8.70
74.70, 130, -15, 66.13, 8.70
74.75, 131, -15, 66.11, 8.70
74.80, 130, -15, 66.13, 8.70
74.85, 129, -15, 66.13, 8.70
74.90, 128, -15, 66.13, 8.70
74.95, 128, -15, 66.13, 8.70
75.00, 127, -15, 66.11, 8.70
75.05, 126, -15, 66.13, 8.70
75.10, 124, -15, 66.13, 8.70
75.15, 124, -15, 66.13, 8.70
75.20, 124, -14, 66.13, 8.70
75.25, 122, -14, 66.13, 8.70
75.30, 121, -14, 66.13, 8.70
75.35, 121, -14, 66.11, 8.70
75.40, 120, -14, 66.11, 8.70
75.45, 119, -14, 66.13, 8.70
75.50, 120, -14, 66.11, 8.70
75.55, 120, -14, 66.11, 8.70
75.60, 117, -14, 66.11, 8.70
75.65, 117, -14, 66.11, 8.70
75.70, 115, -14, 66.13, 8.70
75.75, 115, -14, 66.11, 8.70
75.80, 114, -14, 66.13, 8.70
75.85, 113, -14, 66.13, 8.70
75.90, 114, -14, 66.13, 8.70
75.95, 112, -14, 66.11, 8.70
76.00, 111, -14, 66.13, 8.70
76.05, 111, -14, 66.13, 8.70
76.10, 110, -14, 66.11, 8.70
76.15, 111, -14, 66.09, 8.70
76.20, 109, -14, 66.11, 8.70
76.25, 108, -14, 66.11, 8.70
76.30, 108, -14, 66.11, 8.70
76.35, 106, -14, 66.13, 8.70
76.40, 107, -14, 66.09, 8.70
76.45, 105, -14, 66.11, 8.70
76.50, 106, -14, 66.09, 8.70
76.55, 106, -14, 66.09, 8.70
76.60, 105, -14, 66.09, 8.70
76.65, 104, -14, 66.09, 8.70
76.70, 102, -14, 66.11, 8.70
76.75, 101, -14, 66.09, 8.70
76.80, 102, -14, 66.09, 8.70
76.85, 101, -14, 66.11, 8.70
76.90, 101, -14, 66.09, 8.70
76.95, 98, -14, 66.09, 8.70
77.00, 100, -14, 66.07, 8.70
77.05, 98, -14, 66.09, 8.70
77.10, 96, -14, 66.09, 8.70
77.15, 96, -14, 66.09, 8.70
77.20, 96, -14, 66.09, 8.70
77.25, 96, -13, 66.09, 8.70
77.30, 94, -13, 66.09, 8.70
77.35, 93, -13, 66.09, 8.70
77.40, 93, -14, 66.09, 8.70
77.45, 92, -14, 66.09, 8.70
77.50, 91, -14, 66.09, 8.70
77.55, 90, -14, 66.09, 8.70
77.60, 88, -14, 66.09, 8.70
77.65, 88, -14, 66.09, 8.70
77.70, 87, -14, 66.09, 8.70
77.75, 87, -14, 66.09, 8.70
77.80, 87, -14, 66.09, 8.70
77.85, 87, -14, 66.09, 8.70
77.90, 85, -14, 66.09, 8.70
77.95, 86, -14, 66.07, 8.70
78.00, 84, -14, 66.09, 8.70
78.05, 83, -14, 66.09, 8.70
78.10, 84, -14, 66.09, 8.70
78.15, 82, -14, 66.09, 8.70
78.20, 82, -14, 66.09, 8.70
78.25, 82, -14, 66.09, 8.70
78.30, 82, -14, 66.09, 8.70
78.35, 80, -14, 66.09, 8.70
78.40, 79, -14, 66.09, 8.70
78.45, 77, -14, 66.09, 8.70
78.50, 77, -14, 66.09, 8.70
78.55, 77, -13, 66.09, 8.70
78.60, 76, -13, 66.09, 8.70
78.65, 76, -13, 66.09, 8.70
78.70, 74, -13, 66.09, 8.70
78.75, 74, -13, 66.09, 8.70
78.80, 74, -13, 66.09, 8.70
78.85, 73, -14, 66.09, 8.70
78.90, 73, -14, 66.09, 8.70
78.95, 72, -14, 66.09, 8.70
79.00, 71, -14, 66.09, 8.70
79.05, 70, -14, 66.09, 8.70
79.10, 69, -14, 66.09, 8.70
79.15, 67, -14, 66.09, 8.70
79.20, 67, -14, 66.09, 8.70
79.25, 67, -14, 66.09, 8.70
79.30, 66, -14, 66.09, 8.70
79.35, 66, -14, 66.09, 8.70
79.40, 65, -14, 66.09, 8.70
79.45, 64, -14, 66.09, 8.70
79.50, 63, -14, 66.09, 8.70
79.55, 63, -13, 66.09, 8.70
79.60, 63, -13, 66.09, 8.70
79.65, 62, -13, 66.07, 8.70
79.70, 62, -13, 66.09, 8.70
79.75, 60, -14, 66.09, 8.70
79.80, 60, -14, 66.07, 8.70
79.85, 59, -14, 66.09, 8.70
79.90, 59, -14, 66.09, 8.70
79.95, 56, -14, 66.09, 8.70
80.00, 57, -14, 66.09, 8.70
80.05, 56, -14, 66.07, 8.70
80.10, 55, -14, 66.09, 8.70
80.15, 54, -13, 66.09, 8.70
80.20, 54, -13, 66.07, 8.70
80.25, 53, -13, 66.09, 8.70
80.30, 53, -13, 66.07, 8.70
80.35, 51, -13, 66.07, 8.70
80.40, 51, -13, 66.09, 8.70
80.45, 51, -13, 66.07, 8.70
80.50, 51, -14, 66.06, 8.70
80.55, 50, -14, 66.07, 8.70
80.60, 49, -14, 66.06, 8.70
80.65, 49, -14, 66.07, 8.70
80.70, 48, -14, 66.06, 8.70
80.75, 47, -14, 66.06, 8.70
80.80, 44, -14, 66.09, 8.70
80.85, 46, -14, 66.06, 8.70
80.90, 44, -14, 66.07, 8.70
80.95, 44, -14, 66.06, 8.70
81.00, 43, -14, 66.06, 8.70
81.05, 42, -14, 66.06, 8.70
81.10, 42, -13, 66.06, 8.70
81.15, 41, -14, 66.07, 8.70
81.20, 41, -14, 66.06, 8.70
81.25, 40, -14, 66.06, 8.70
81.30, 39, -14, 66.06, 8.70
81.35, 40, -14, 66.06, 8.70
81.40, 38, -14, 66.06, 8.70
81.45, 37, -14, 66.06, 8.70
81.50, 36, -14, 66.06, 8.70
81.55, 36, -14, 66.06, 8.70
81.60, 33, -14, 66.07, 8.70
81.65, 35, -14, 66.06, 8.70
81.70, 34, -14, 66.06, 8.70
81.75, 32, -14, 66.06, 8.70
81.80, 31, -14, 66.06, 8.70
81.85, 31, -14, 66.06, 8.70
81.90, 31, -14, 66.07, 8.70
81.95, 30, -14, 66.06, 8.70
82.00, 29, -14, 66.06, 8.70
82.05, 29, -14, 66.06, 8.70
82.10, 28, -14, 66.06, 8.70
82.15, 28, -14, 66.06, 8.70
82.20, 26, -14, 66.07, 8.70
82.25, 26, -14, 66.06, 8.70
82.30, 25, -14, 66.06, 8.70
82.35, 24, -14, 66.06, 8.70
82.40, 24, -14, 66.06, 8.70
82.45, 23, -14, 66.06, 8.70
82.50, 23, -14, 66.06, 8.70
82.55, 22, -14, 66.06, 8.70
82.60, 23, -14, 66.06, 8.70
82.65, 21, -14, 66.06, 8.70
82.70, 20, -14, 66.06, 8.70
82.75, 18, -14, 66.06, 8.70
82.80, 18, -14, 66.06, 8.70
82.85, 17, -14, 66.06, 8.70
82.90, 16, -14, 66.06, 8.70
82.95, 16, -14, 66.06, 8.70
83.00, 16, -14, 66.06, 8.70
83.05, 14, -14, 66.07, 8.70
83.10, 14, -14, 66.06, 8.70
83.15, 13, -14, 66.06, 8.70
83.20, 12, -14, 66.06, 8.70
83.25, 11, -14, 66.06, 8.70
83.30, 13, -14, 66.04, 8.70
83.35, 11, -14, 66.04, 8.70
83.40, 8, -14, 66.06, 8.70
83.45, 9, -14, 66.06, 8.70
83.50, 8, -14, 66.06, 8.70
83.55, 8, -14, 66.04, 8.70
83.60, 6, -14, 66.06, 8.70
83.65, 6, -14, 66.04, 8.70
83.70, 4, -14, 66.06, 8.70
83.75, 4, -13, 66.04, 8.70
83.80, 4, -12, 66.06, 8.70
83.85, 2, -12, 66.06, 8.70
83.90, 2, -11, 66.06, 8.70
83.95, 2, -11, 66.06, 8.70
84.00, 1, -10, 66.06, 8.70
84.05, -1, -11, 66.06, 8.70
84.10, 0, -11, 66.04, 8.70
84.15, -1, -11, 66.06, 8.70
84.20, -3, -11, 66.06, 8.70
84.25, -2, -11, 66.04, 8.70
84.30, -3, -11, 66.06, 8.70
84.35, -2, -11, 66.02, 8.70
84.40, -4, -11, 66.04, 8.70
84.45, -4, -10, 66.04, 8.70
84.50, -5, -10, 66.04, 8.70
84.55, -6, -10, 66.02, 8.70
84.60, -5, -9, 66.02, 8.70
84.65, -7, -9, 66.02, 8.70
84.70, -8, -8, 66.04, 8.70
84.75, -39, -8, 66.04, 8.70
84.80, -4, -8, 66.06, 8.70
84.85, -4, -7, 66.04, 8.70
84.90, -4, -7, 66.02, 8.70
84.95, -5, -7, 66.06, 8.70
85.00, -5, -6, 66.02, 8.70
85.05, -8, -6, 66.02, 8.70
85.10, -8, -6, 66.04, 8.70
85.15, -10, -5, 66.02, 8.70
85.20, -11, -5, 66.02, 8.70
85.25, -11, -5, 66.02, 8.70
85.30, -12, -5, 66.02, 8.70
85.35, -11, -4, 66.02, 8.70
85.40, -11, -4, 66.02, 8.70
85.45, -12, -4, 66.02, 8.70
85.50, -11, -4, 66.02, 8.70
85.55, -12, -3, 66.02, 8.70
85.60, -11, -3, 66.02, 8.70
85.65, -12, -3, 66.02, 8.70
85.70, -12, -3, 66.02, 8.70
85.75, -11, -3, 66.02, 8.70
85.80, -12, -3, 66.02, 8.70
85.85, -12, -3, 66.02, 8.70
85.90, -12, -3, 66.02, 8.70
85.95, -11, -3, 66.00, 8.70
86.00, -12, -3, 66.02, 8.70
86.05, -11, -2, 66.02, 8.70
86.10, -12, -1, 66.02, 8.70
86.15, -12, -1, 66.00, 8.70
86.20, -12, -1, 66.02, 8.70
86.25, -12, -0, 66.00, 8.70
86.30, -11, -0, 66.00, 8.70
86.35, -11, 0, 66.02, 8.70
86.40, -12, 0, 66.02, 8.70
86.45, -12, 0, 66.00, 8.70
86.50, -12, 0, 66.00, 8.70
86.55, -12, 0, 66.02, 8.70
86.60, -11, 0, 66.02, 8.70
86.65, -12, 0, 66.02, 8.70
86.70, -11, 0, 66.00, 8.70
86.75, -12, 0, 66.02, 8.70
86.80, -12, 0, 66.00, 8.70
86.85, -11, 0, 66.00, 8.70
86.90, -11, 0, 66.02, 8.70
86.95, -11, 0, 66.02, 8.70
87.00, -11, 0, 66.02, 8.70
87.05, -11, 0, 66.00, 8.70
87.10, -11, 0, 66.00, 8.70
87.15, -12, 0, 66.00, 8.70
87.20, -12, 0, 66.02, 8.70
87.25, -11, 0, 66.00, 8.70
87.30, -11, 0, 66.00, 8.70
87.35, -11, -0, 66.00, 8.70
87.40, -11, -0, 66.02, 8.70
87.45, -12, -0, 66.00, 8.70
87.50, -11, -0, 66.00, 8.70
87.55, -11, -0, 66.00, 8.70
87.60, -11, -0, 66.00, 8.70
87.65, -11, -0, 66.00, 8.70
87.70, -11, -0, 66.00, 8.70
87.75, -11, -0, 66.00, 8.70
87.80, -13, -0, 66.00, 8.70
87.85, -10, -0, 66.00, 8.70
87.90, -12, -0, 66.00, 8.70
87.95, -11, -0, 66.00, 8.70
88.00, -12, -0, 66.00, 8.70
88.05, -12, 0, 66.02, 8.70
88.10, -11, 0, 66.00, 8.70
88.15, -12, 0, 66.00, 8.70
88.20, -11, 0, 66.00, 8.70
88.25, -12, -0, 66.00, 8.70
88.30, -11, -0, 65.98, 8.70
88.35, -12, -0, 66.00, 8.70
88.40, -12, -0, 66.00, 8.70
88.45, -13, -0, 66.00, 8.70
88.50, -11, -0, 65.98, 8.70
88.55, -12, -0, 66.00, 8.70
88.60, -12, -0, 65.98, 8.70
88.65, -12, -0, 66.00, 8.70
88.70, -11, 0, 66.00, 8.70
88.75, -13, 0, 66.00, 8.70
88.80, -11, 0, 66.00, 8.70
88.85, -11, 1, 66.00, 8.70
88.90, -13, 1, 66.00, 8.70
88.95, -11, 2, 65.98, 8.70
89.00, -11, 2, 65.98, 8.70
89.05, -10, 1, 65.97, 8.70
89.10, -11, -1, 66.00, 8.70
89.15, -12, -2, 65.97, 8.70
89.20, -12, -3, 65.98, 8.70
89.25, -12, -2, 65.98, 8.70
89.30, -11, -1, 65.98, 8.70
89.35, -12, -0, 66.00, 8.70
89.40, -12, 1, 66.00, 8.70
89.45, -12, 1, 65.98, 8.70
89.50, -11, -0, 65.98, 8.70
89.55, -12, -0, 65.97, 8.70
89.60, -11, -0, 66.00, 8.70
89.65, -11, -0, 65.97, 8.70
89.70, -11, -0, 65.98, 8.70
89.75, -11, -0, 65.98, 8.70
89.80, -11, -0, 65.97, 8.70
89.85, -11, -0, 65.97, 8.70
89.90, -11, -0, 65.97, 8.70
89.95, -11, -0, 65.97, 8.70
