Time	Altitude	Temperature	Voltage
0	0	86.5F	9.4
0.05	0	86.5F	9.4
0.1	1	86.5F	9.4
0.15	1	86.5F	9.4
0.2	0	86.5F	9.4
0.25	1	86.5F	9.4
0.3	2	86.5F	9.4
0.35	3	86.5F	9.4
0.4	9	86.5F	9.4
0.45	5	86.5F	9.4
0.5	6	86.5F	9.4
0.55	12	86.5F	9.4
0.6	15	86.5F	9.4
0.65	19	86.5F	9.4
0.7	26	86.5F	9.4
0.75	32	86.5F	9.4
0.8	38	86.5F	9.4
0.85	46	86.5F	9.4
0.9	56	86.5F	9.4
0.95	63	86.5F	9.4
1	73	86.5F	9.4
1.05	85	86.5F	9.4
1.1	94	86.5F	9.4
1.15	103	86.5F	9.4
1.2	116	86.5F	9.4
1.25	128	86.5F	9.4
1.3	140	86.5F	9.4
1.35	152	86.5F	9.4
1.4	165	86.5F	9.4
1.45	181	86.5F	9.4
1.5	198	86.5F	9.4
1.55	216	86.5F	9.4
1.6	234	86.5F	9.4
1.65	253	86.5F	9.4
1.7	268	86.5F	9.4
1.75	280	86.5F	9.4
1.8	298	86.5F	9.4
1.85	315	86.5F	9.4
1.9	333	86.5F	9.4
1.95	357	86.5F	9.4
2	378	86.5F	9.4
2.05	395	86.5F	9.4
2.1	414	86.5F	9.4
2.15	436	86.5F	9.4
2.2	460	86.5F	9.4
2.25	480	86.5F	9.4
2.3	491	86.5F	9.4
2.35	513	86.5F	9.4
2.4	537	86.5F	9.4
2.45	576	86.5F	9.4
2.5	606	86.5F	9.4
2.55	639	86.5F	9.4
2.6	673	86.5F	9.4
2.65	711	86.5F	9.4
2.7	749	86.5F	9.4
2.75	784	86.5F	9.4
2.8	816	86.5F	9.4
2.85	850	86.5F	9.4
2.9	890	86.5F	9.4
2.95	921	86.5F	9.4
3	956	86.5F	9.4
3.05	987	86.5F	9.4
3.1	1018	86.5F	9.4
3.15	1048	86.5F	9.4
3.2	1077	86.6F	9.4
3.25	1106	86.5F	9.4
3.3	1137	86.5F	9.4
3.35	1168	86.5F	9.4
3.4	1196	86.6F	9.4
3.45	1228	86.5F	9.4
3.5	1257	86.6F	9.4
3.55	1286	86.5F	9.4
3.6	1315	86.6F	9.4
3.65	1344	86.6F	9.4
3.7	1372	86.6F	9.4
3.75	1397	86.6F	9.4
3.8	1427	86.5F	9.4
3.85	1454	86.5F	9.4
3.9	1482	86.5F	9.4
3.95	1511	86.5F	9.4
4	1536	86.5F	9.4
4.05	1563	86.6F	9.4
4.1	1591	86.6F	9.4
4.15	1618	86.6F	9.4
4.2	1645	86.5F	9.4
4.25	1670	86.5F	9.4
4.3	1695	86.6F	9.4
4.35	1722	86.6F	9.4
4.4	1751	86.5F	9.4
4.45	1774	86.6F	9.4
4.5	1800	86.6F	9.4
4.55	1825	86.6F	9.4
4.6	1853	86.5F	9.4
4.65	1882	86.6F	9.4
4.7	1902	86.5F	9.4
4.75	1925	86.6F	9.4
4.8	1951	86.6F	9.4
4.85	1976	86.6F	9.4
4.9	2000	86.6F	9.4
4.95	2024	86.6F	9.4
5	2047	86.6F	9.4
5.05	2071	86.6F	9.4
5.1	2092	86.6F	9.4
5.15	2119	86.6F	9.4
5.2	2144	86.5F	9.4
5.25	2167	86.6F	9.4
5.3	2189	86.5F	9.4
5.35	2211	86.6F	9.4
5.4	2235	86.5F	9.4
5.45	2258	86.5F	9.4
5.5	2282	86.6F	9.4
5.55	2304	86.6F	9.4
5.6	2326	86.5F	9.4
5.65	2348	86.6F	9.4
5.7	2371	86.5F	9.4
5.75	2392	86.6F	9.4
5.8	2415	86.5F	9.4
5.85	2437	86.6F	9.4
5.9	2456	86.5F	9.4
5.95	2479	86.5F	9.4
6	2501	86.5F	9.4
6.05	2525	86.5F	9.4
6.1	2545	86.6F	9.4
6.15	2564	86.6F	9.4
6.2	2586	86.5F	9.4
6.25	2607	86.5F	9.4
6.3	2629	86.5F	9.4
6.35	2649	86.5F	9.4
6.4	2670	86.5F	9.4
6.45	2689	86.5F	9.4
6.5	2710	86.5F	9.4
6.55	2729	86.6F	9.4
6.6	2749	86.5F	9.4
6.65	2769	86.5F	9.4
6.7	2790	86.5F	9.4
6.75	2809	86.5F	9.4
6.8	2829	86.5F	9.4
6.85	2848	86.5F	9.4
6.9	2868	86.5F	9.4
6.95	2889	86.5F	9.4
7	2906	86.5F	9.4
7.05	2924	86.5F	9.4
7.1	2945	86.5F	9.4
7.15	2962	86.5F	9.4
7.2	2982	86.5F	9.4
7.25	3002	86.5F	9.4
7.3	3018	86.5F	9.4
7.35	3036	86.5F	9.4
7.4	3054	86.5F	9.4
7.45	3073	86.5F	9.4
7.5	3089	86.5F	9.4
7.55	3109	86.5F	9.4
7.6	3127	86.5F	9.4
7.65	3146	86.5F	9.4
7.7	3161	86.5F	9.4
7.75	3179	86.5F	9.4
7.8	3196	86.5F	9.4
7.85	3214	86.5F	9.4
7.9	3231	86.5F	9.4
7.95	3248	86.5F	9.4
8	3266	86.5F	9.4
8.05	3281	86.5F	9.4
8.1	3297	86.5F	9.4
8.15	3313	86.5F	9.4
8.2	3328	86.5F	9.4
8.25	3347	86.5F	9.4
8.3	3364	86.5F	9.4
8.35	3379	86.5F	9.4
8.4	3396	86.5F	9.4
8.45	3411	86.5F	9.4
8.5	3428	86.5F	9.4
8.55	3442	86.5F	9.4
8.6	3457	86.5F	9.4
8.65	3473	86.5F	9.4
8.7	3489	86.5F	9.4
8.75	3504	86.5F	9.4
8.8	3520	86.5F	9.4
8.85	3535	86.5F	9.4
8.9	3551	86.5F	9.4
8.95	3564	86.5F	9.4
9	3578	86.5F	9.4
9.05	3595	86.5F	9.4
9.1	3609	86.5F	9.4
9.15	3623	86.5F	9.4
9.2	3638	86.5F	9.4
9.25	3652	86.5F	9.4
9.3	3665	86.5F	9.4
9.35	3680	86.5F	9.4
9.4	3694	86.5F	9.4
9.45	3707	86.5F	9.4
9.5	3720	86.5F	9.4
9.55	3736	86.5F	9.4
9.6	3749	86.5F	9.4
9.65	3763	86.5F	9.4
9.7	3777	86.5F	9.4
9.75	3789	86.5F	9.4
9.8	3802	86.5F	9.4
9.85	3814	86.5F	9.4
9.9	3829	86.5F	9.4
9.95	3841	86.5F	9.4
10	3854	86.5F	9.4
10.05	3866	86.5F	9.4
10.1	3880	86.5F	9.4
10.15	3891	86.5F	9.4
10.2	3905	86.5F	9.4
10.25	3916	86.5F	9.4
10.3	3929	86.5F	9.4
10.35	3942	86.5F	9.4
10.4	3953	86.5F	9.4
10.45	3965	86.5F	9.4
10.5	3975	86.5F	9.4
10.55	3988	86.5F	9.4
10.6	4000	86.5F	9.4
10.65	4012	86.5F	9.4
10.7	4025	86.5F	9.4
10.75	4035	86.5F	9.4
10.8	4046	86.5F	9.4
10.85	4058	86.5F	9.4
10.9	4070	86.5F	9.4
10.95	4081	86.5F	9.4
11	4092	86.5F	9.4
11.05	4103	86.5F	9.4
11.1	4112	86.5F	9.4
11.15	4124	86.5F	9.4
11.2	4135	86.5F	9.4
11.25	4145	86.5F	9.4
11.3	4155	86.5F	9.4
11.35	4164	86.5F	9.4
11.4	4175	86.5F	9.4
11.45	4186	86.5F	9.4
11.5	4196	86.5F	9.4
11.55	4207	86.5F	9.4
11.6	4217	86.5F	9.4
11.65	4226	86.5F	9.4
11.7	4237	86.5F	9.4
11.75	4246	86.5F	9.4
11.8	4256	86.5F	9.4
11.85	4266	86.5F	9.4
11.9	4275	86.5F	9.4
11.95	4285	86.5F	9.4
12	4294	86.5F	9.4
12.05	4305	86.5F	9.4
12.1	4311	86.5F	9.4
12.15	4322	86.5F	9.4
12.2	4330	86.5F	9.4
12.25	4340	86.5F	9.4
12.3	4348	86.5F	9.4
12.35	4357	86.5F	9.4
12.4	4365	86.5F	9.4
12.45	4373	86.5F	9.4
12.5	4382	86.5F	9.4
12.55	4389	86.5F	9.4
12.6	4399	86.5F	9.4
12.65	4407	86.5F	9.4
12.7	4414	86.5F	9.4
12.75	4424	86.5F	9.4
12.8	4431	86.5F	9.4
12.85	4438	86.5F	9.4
12.9	4447	86.5F	9.4
12.95	4453	86.5F	9.4
13	4461	86.5F	9.4
13.05	4468	86.5F	9.4
13.1	4476	86.5F	9.4
13.15	4483	86.5F	9.4
13.2	4491	86.5F	9.4
13.25	4497	86.5F	9.4
13.3	4505	86.5F	9.4
13.35	4512	86.5F	9.4
13.4	4519	86.5F	9.4
13.45	4526	86.5F	9.4
13.5	4532	86.5F	9.4
13.55	4537	86.5F	9.4
13.6	4545	86.5F	9.4
13.65	4551	86.5F	9.4
13.7	4558	86.5F	9.4
13.75	4565	86.5F	9.4
13.8	4571	86.5F	9.4
13.85	4577	86.5F	9.4
13.9	4583	86.5F	9.4
13.95	4590	86.5F	9.4
14	4594	86.5F	9.4
14.05	4601	86.5F	9.4
14.1	4607	86.5F	9.4
14.15	4612	86.5F	9.4
14.2	4617	86.5F	9.4
14.25	4625	86.5F	9.4
14.3	4629	86.5F	9.4
14.35	4634	86.5F	9.4
14.4	4639	86.5F	9.4
14.45	4645	86.5F	9.4
14.5	4650	86.5F	9.4
14.55	4654	86.5F	9.4
14.6	4660	86.5F	9.4
14.65	4665	86.5F	9.4
14.7	4670	86.5F	9.4
14.75	4675	86.5F	9.4
14.8	4678	86.5F	9.4
14.85	4684	86.5F	9.4
14.9	4688	86.5F	9.4
14.95	4694	86.5F	9.4
15	4697	86.5F	9.4
15.05	4702	86.5F	9.4
15.1	4705	86.5F	9.4
15.15	4709	86.5F	9.4
15.2	4714	86.5F	9.4
15.25	4719	86.5F	9.4
15.3	4721	86.5F	9.4
15.35	4726	86.5F	9.4
15.4	4728	86.5F	9.4
15.45	4733	86.5F	9.4
15.5	4736	86.5F	9.4
15.55	4740	86.5F	9.4
15.6	4742	86.5F	9.4
15.65	4746	86.5F	9.4
15.7	4749	86.5F	9.4
15.75	4753	86.5F	9.4
15.8	4756	86.5F	9.4
15.85	4759	86.5F	9.4
15.9	4763	86.5F	9.4
15.95	4763	86.5F	9.4
16	4765	86.5F	9.4
16.05	4769	86.5F	9.4
16.1	4774	86.5F	9.4
16.15	4774	86.5F	9.4
16.2	4777	86.5F	9.4
16.25	4780	86.5F	9.4
16.3	4781	86.5F	9.4
16.35	4784	86.5F	9.4
16.4	4786	86.5F	9.4
16.45	4788	86.5F	9.4
16.5	4790	86.5F	9.4
16.55	4791	86.5F	9.4
16.6	4794	86.5F	9.4
16.65	4796	86.5F	9.4
16.7	4797	86.5F	9.4
16.75	4800	86.5F	9.4
16.8	4800	86.5F	9.4
16.85	4801	86.5F	9.4
16.9	4802	86.5F	9.4
16.95	4804	86.5F	9.4
17	4806	86.5F	9.4
17.05	4808	86.5F	9.4
17.1	4808	86.5F	9.4
17.15	4810	86.5F	9.4
17.2	4811	86.5F	9.4
17.25	4812	86.5F	9.4
17.3	4812	86.5F	9.4
17.35	4814	86.5F	9.4
17.4	4814	86.5F	9.4
17.45	4814	86.5F	9.4
17.5	4815	86.5F	9.4
17.55	3491	86.5F	9.3
17.6	4815	86.6F	9.3
17.65	4820	86.7F	9.3
17.7	4820	86.9F	9.4
17.75	4820	87.1F	9.4
17.8	4821	87.2F	9.4
17.85	4819	87.3F	9.4
17.9	4820	87.4F	9.4
17.95	4819	87.5F	9.4
18	4820	87.5F	9.4
18.05	4822	87.6F	9.4
18.1	4823	87.6F	9.4
18.15	4822	87.7F	9.4
18.2	4824	87.7F	9.4
18.25	4824	87.7F	9.4
18.3	4823	87.7F	9.4
18.35	4822	87.7F	9.4
18.4	4825	87.7F	9.4
18.45	4825	87.7F	9.4
18.5	4824	87.7F	9.4
18.55	4823	87.7F	9.4
18.6	4825	87.7F	9.4
18.65	4821	87.7F	9.4
18.7	4821	87.7F	9.4
18.75	4821	87.7F	9.4
18.8	4818	87.7F	9.4
18.85	4815	87.7F	9.4
18.9	4815	87.7F	9.4
18.95	4818	87.6F	9.4
19	4819	87.6F	9.4
19.05	4817	87.6F	9.4
19.1	4817	87.6F	9.4
19.15	4817	87.6F	9.4
19.2	4818	87.6F	9.4
19.25	4814	87.6F	9.4
19.3	4816	87.6F	9.4
19.35	4810	87.6F	9.4
19.4	4806	87.5F	9.4
19.45	4805	87.5F	9.4
19.5	4804	87.5F	9.4
19.55	4800	87.5F	9.4
19.6	4799	87.5F	9.4
19.65	4797	87.5F	9.4
19.7	4791	87.5F	9.4
19.75	4786	87.5F	9.4
19.8	4782	87.5F	9.4
19.85	4779	87.5F	9.4
19.9	4777	87.5F	9.4
19.95	4774	87.5F	9.4
20	4775	87.5F	9.4
20.05	4774	87.4F	9.4
20.1	4774	87.4F	9.4
20.15	4780	87.4F	9.4
20.2	4774	87.4F	9.4
20.25	4773	87.4F	9.4
20.3	4770	87.4F	9.4
20.35	4771	87.4F	9.4
20.4	4765	87.4F	9.4
20.45	4763	87.4F	9.4
20.5	4762	87.4F	9.4
20.55	4755	87.4F	9.4
20.6	4752	87.4F	9.4
20.65	4750	87.4F	9.4
20.7	4751	87.4F	9.4
20.75	4749	87.4F	9.4
20.8	4744	87.4F	9.4
20.85	4741	87.4F	9.4
20.9	4740	87.4F	9.4
20.95	4742	87.4F	9.4
21	4740	87.4F	9.4
21.05	4737	87.4F	9.4
21.1	4730	87.4F	9.4
21.15	4734	87.4F	9.4
21.2	4729	87.4F	9.4
21.25	4730	87.4F	9.4
21.3	4721	87.4F	9.4
21.35	4714	87.4F	9.4
21.4	4710	87.4F	9.4
21.45	4708	87.4F	9.4
21.5	4700	87.4F	9.4
21.55	4694	87.4F	9.4
21.6	4689	87.4F	9.4
21.65	4683	87.4F	9.4
21.7	4681	87.4F	9.4
21.75	4683	87.4F	9.4
21.8	4682	87.4F	9.4
21.85	4678	87.4F	9.4
21.9	4683	87.4F	9.4
21.95	4679	87.4F	9.4
22	4676	87.4F	9.4
22.05	4673	87.4F	9.4
22.1	4671	87.4F	9.4
22.15	4671	87.4F	9.4
22.2	4671	87.3F	9.4
22.25	4667	87.4F	9.4
22.3	4667	87.4F	9.4
22.35	4662	87.4F	9.4
22.4	4656	87.4F	9.4
22.45	4653	87.4F	9.4
22.5	4650	87.3F	9.4
22.55	4642	87.4F	9.4
22.6	4635	87.3F	9.4
22.65	4632	87.3F	9.4
22.7	4626	87.3F	9.4
22.75	4624	87.3F	9.4
22.8	4622	87.3F	9.4
22.85	4621	87.3F	9.4
22.9	4624	87.3F	9.4
22.95	4625	87.3F	9.4
23	4625	87.3F	9.4
23.05	4623	87.3F	9.4
23.1	4624	87.3F	9.4
23.15	4619	87.3F	9.4
23.2	4621	87.3F	9.4
23.25	4617	87.3F	9.4
23.3	4614	87.3F	9.4
23.35	4616	87.3F	9.4
23.4	4615	87.3F	9.4
23.45	4618	87.3F	9.4
23.5	4613	87.3F	9.4
23.55	4610	87.3F	9.4
23.6	4603	87.3F	9.4
23.65	4600	87.3F	9.4
23.7	4595	87.3F	9.4
23.75	4550	87.3F	9.4
23.8	4577	87.3F	9.4
23.85	4583	87.3F	9.4
23.9	4579	87.3F	9.4
23.95	4578	87.3F	9.4
24	4573	87.3F	9.4
24.05	4573	87.3F	9.4
24.1	4571	87.4F	9.4
24.15	4564	87.4F	9.4
24.2	4562	87.4F	9.4
24.25	4556	87.4F	9.4
24.3	4559	87.4F	9.4
24.35	4556	87.4F	9.4
24.4	4548	87.4F	9.4
24.45	4545	87.4F	9.4
24.5	4540	87.4F	9.4
24.55	4540	87.4F	9.4
24.6	4537	87.4F	9.4
24.65	4532	87.4F	9.4
24.7	4526	87.4F	9.4
24.75	4524	87.4F	9.4
24.8	4521	87.4F	9.4
24.85	4526	87.4F	9.4
24.9	4518	87.4F	9.4
24.95	4522	87.5F	9.4
25	4518	87.5F	9.4
25.05	4518	87.5F	9.4
25.1	4506	87.5F	9.4
25.15	4493	87.5F	9.4
25.2	4485	87.5F	9.4
25.25	4477	87.5F	9.4
25.3	4473	87.5F	9.4
25.35	4458	87.5F	9.4
25.4	4446	87.6F	9.4
25.45	4443	87.6F	9.4
25.5	4440	87.6F	9.4
25.55	4439	87.6F	9.4
25.6	4437	87.6F	9.4
25.65	4443	87.6F	9.4
25.7	4448	87.6F	9.4
25.75	4447	87.6F	9.4
25.8	4441	87.7F	9.4
25.85	4438	87.7F	9.4
25.9	4433	87.7F	9.4
25.95	4428	87.7F	9.4
26	4426	87.7F	9.4
26.05	4421	87.7F	9.4
26.1	4419	87.7F	9.4
26.15	4417	87.7F	9.4
26.2	4416	87.7F	9.4
26.25	4411	87.7F	9.4
26.3	4408	87.7F	9.4
26.35	4406	87.7F	9.4
26.4	4404	87.7F	9.4
26.45	4398	87.7F	9.4
26.5	4401	87.7F	9.4
26.55	4392	87.7F	9.4
26.6	4392	87.7F	9.4
26.65	4385	87.7F	9.4
26.7	4393	87.7F	9.4
26.75	4391	87.7F	9.4
26.8	4382	87.7F	9.4
26.85	4375	87.6F	9.4
26.9	4368	87.6F	9.4
26.95	4362	87.6F	9.4
27	4355	87.6F	9.4
27.05	4349	87.6F	9.4
27.1	4344	87.6F	9.4
27.15	4339	87.6F	9.4
27.2	4335	87.6F	9.4
27.25	4331	87.6F	9.4
27.3	4327	87.6F	9.4
27.35	4326	87.6F	9.4
27.4	4325	87.6F	9.4
27.45	4326	87.6F	9.4
27.5	4324	87.6F	9.4
27.55	4323	87.6F	9.4
27.6	4322	87.6F	9.4
27.65	4320	87.6F	9.4
27.7	4319	87.6F	9.4
27.75	4317	87.6F	9.4
27.8	4316	87.6F	9.4
27.85	4309	87.6F	9.4
27.9	4305	87.6F	9.4
27.95	4301	87.6F	9.4
28	4295	87.6F	9.4
28.05	4296	87.6F	9.4
28.1	4286	87.6F	9.4
28.15	4287	87.6F	9.4
28.2	4280	87.6F	9.4
28.25	4279	87.6F	9.4
28.3	4274	87.6F	9.4
28.35	4275	87.6F	9.4
28.4	4271	87.6F	9.4
28.45	4268	87.6F	9.4
28.5	4268	87.6F	9.4
28.55	4263	87.6F	9.4
28.6	4261	87.6F	9.4
28.65	4257	87.6F	9.4
28.7	4259	87.6F	9.4
28.75	4258	87.6F	9.4
28.8	4255	87.6F	9.4
28.85	4253	87.6F	9.4
28.9	4249	87.6F	9.4
28.95	4246	87.6F	9.4
29	4243	87.6F	9.4
29.05	4234	87.6F	9.4
29.1	4227	87.6F	9.4
29.15	4228	87.6F	9.4
29.2	4230	87.6F	9.4
29.25	4228	87.6F	9.4
29.3	4217	87.6F	9.4
29.35	4220	87.6F	9.4
29.4	4214	87.6F	9.4
29.45	4209	87.6F	9.4
29.5	4209	87.6F	9.4
29.55	4210	87.6F	9.4
29.6	4204	87.6F	9.4
29.65	4202	87.6F	9.4
29.7	4192	87.6F	9.4
29.75	4184	87.6F	9.4
29.8	4180	87.6F	9.4
29.85	4180	87.6F	9.4
29.9	4180	87.6F	9.4
29.95	4178	87.6F	9.4
30	4174	87.6F	9.4
30.05	4175	87.6F	9.4
30.1	4176	87.6F	9.4
30.15	4176	87.6F	9.4
30.2	4170	87.6F	9.4
30.25	4164	87.6F	9.4
30.3	4158	87.6F	9.4
30.35	4159	87.6F	9.4
30.4	4154	87.6F	9.4
30.45	4146	87.6F	9.4
30.5	4146	87.6F	9.4
30.55	4140	87.6F	9.4
30.6	4136	87.6F	9.4
30.65	4137	87.6F	9.4
30.7	4129	87.6F	9.4
30.75	4132	87.6F	9.4
30.8	4128	87.6F	9.4
30.85	4124	87.6F	9.4
30.9	4120	87.6F	9.4
30.95	4123	87.6F	9.4
31	4120	87.6F	9.4
31.05	4119	87.6F	9.4
31.1	4111	87.6F	9.4
31.15	4100	87.6F	9.4
31.2	4097	87.6F	9.4
31.25	4092	87.6F	9.4
31.3	4092	87.6F	9.4
31.35	4092	87.6F	9.4
31.4	4089	87.6F	9.4
31.45	4088	87.6F	9.4
31.5	4075	87.6F	9.4
31.55	4065	87.6F	9.4
31.6	4059	87.6F	9.4
31.65	4048	87.6F	9.4
31.7	4041	87.6F	9.4
31.75	4039	87.6F	9.4
31.8	4037	87.6F	9.4
31.85	4037	87.6F	9.4
31.9	4034	87.6F	9.4
31.95	4034	87.6F	9.4
32	4035	87.6F	9.4
32.05	4029	87.6F	9.4
32.1	4022	87.6F	9.4
32.15	4015	87.6F	9.4
32.2	4009	87.6F	9.4
32.25	4004	87.6F	9.4
32.3	4000	87.6F	9.4
32.35	3998	87.6F	9.4
32.4	3994	87.6F	9.4
32.45	3991	87.6F	9.4
32.5	3992	87.6F	9.4
32.55	3989	87.6F	9.4
32.6	3990	87.6F	9.4
32.65	3988	87.6F	9.4
32.7	3983	87.6F	9.4
32.75	3978	87.6F	9.4
32.8	3974	87.6F	9.4
32.85	3967	87.6F	9.4
32.9	3964	87.6F	9.4
32.95	3959	87.6F	9.4
33	3955	87.6F	9.4
33.05	3951	87.6F	9.4
33.1	3947	87.6F	9.4
33.15	3943	87.6F	9.4
33.2	3937	87.6F	9.4
33.25	3935	87.6F	9.4
33.3	3931	87.6F	9.4
33.35	3931	87.6F	9.4
33.4	3930	87.6F	9.4
33.45	3930	87.6F	9.4
33.5	3929	87.6F	9.4
33.55	3925	87.6F	9.4
33.6	3923	87.6F	9.4
33.65	3925	87.6F	9.4
33.7	3917	87.6F	9.4
33.75	3915	87.6F	9.4
33.8	3914	87.6F	9.4
33.85	3911	87.6F	9.4
33.9	3906	87.6F	9.4
33.95	3904	87.6F	9.4
34	3891	87.6F	9.4
34.05	3884	87.6F	9.4
34.1	3879	87.5F	9.4
34.15	3874	87.6F	9.4
34.2	3873	87.6F	9.4
34.25	3874	87.6F	9.4
34.3	3879	87.6F	9.4
34.35	3879	87.6F	9.4
34.4	3873	87.6F	9.4
34.45	3866	87.6F	9.4
34.5	3864	87.6F	9.4
34.55	3862	87.6F	9.4
34.6	3857	87.5F	9.4
34.65	3855	87.6F	9.4
34.7	3854	87.6F	9.4
34.75	3846	87.6F	9.4
34.8	3845	87.6F	9.4
34.85	3840	87.5F	9.4
34.9	3841	87.5F	9.4
34.95	3841	87.5F	9.4
35	3839	87.5F	9.4
35.05	3836	87.5F	9.4
35.1	3828	87.5F	9.4
35.15	3822	87.5F	9.4
35.2	3816	87.5F	9.4
35.25	3809	87.5F	9.4
35.3	3803	87.5F	9.4
35.35	3799	87.5F	9.4
35.4	3794	87.5F	9.4
35.45	3789	87.5F	9.4
35.5	3785	87.5F	9.4
35.55	3781	87.5F	9.4
35.6	3777	87.5F	9.4
35.65	3774	87.5F	9.4
35.7	3769	87.5F	9.4
35.75	3765	87.5F	9.4
35.8	3762	87.5F	9.4
35.85	3759	87.5F	9.4
35.9	3756	87.5F	9.4
35.95	3753	87.5F	9.4
36	3749	87.5F	9.4
36.05	3744	87.5F	9.4
36.1	3742	87.5F	9.4
36.15	3740	87.5F	9.4
36.2	3738	87.5F	9.4
36.25	3737	87.5F	9.4
36.3	3739	87.5F	9.4
36.35	3740	87.5F	9.4
36.4	3738	87.5F	9.4
36.45	3734	87.5F	9.4
36.5	3734	87.5F	9.4
36.55	3733	87.5F	9.4
36.6	3729	87.5F	9.4
36.65	3724	87.5F	9.4
36.7	3718	87.5F	9.4
36.75	3714	87.5F	9.4
36.8	3712	87.5F	9.4
36.85	3706	87.5F	9.4
36.9	3701	87.5F	9.4
36.95	3694	87.5F	9.4
37	3692	87.5F	9.4
37.05	3685	87.5F	9.4
37.1	3682	87.5F	9.4
37.15	3678	87.5F	9.4
37.2	3673	87.5F	9.4
37.25	3668	87.5F	9.4
37.3	3667	87.5F	9.4
37.35	3663	87.5F	9.4
37.4	3660	87.5F	9.4
37.45	3656	87.5F	9.4
37.5	3654	87.5F	9.4
37.55	3651	87.5F	9.4
37.6	3647	87.5F	9.4
37.65	3645	87.5F	9.4
37.7	3641	87.5F	9.4
37.75	3636	87.5F	9.4
37.8	3635	87.5F	9.4
37.85	3633	87.5F	9.4
37.9	3630	87.5F	9.4
37.95	3628	87.5F	9.4
38	3626	87.5F	9.4
38.05	3626	87.5F	9.4
38.1	3625	87.5F	9.4
38.15	3621	87.5F	9.4
38.2	3617	87.5F	9.4
38.25	3611	87.5F	9.4
38.3	3601	87.5F	9.4
38.35	3596	87.5F	9.4
38.4	3587	87.5F	9.4
38.45	3584	87.5F	9.4
38.5	3579	87.5F	9.4
38.55	3575	87.5F	9.4
38.6	3572	87.5F	9.4
38.65	3571	87.5F	9.4
38.7	3568	87.5F	9.4
38.75	3566	87.5F	9.4
38.8	3564	87.5F	9.4
38.85	3560	87.5F	9.4
38.9	3556	87.5F	9.4
38.95	3554	87.5F	9.4
39	3548	87.5F	9.4
39.05	3548	87.5F	9.4
39.1	3542	87.5F	9.4
39.15	3537	87.5F	9.4
39.2	3533	87.5F	9.4
39.25	3530	87.5F	9.4
39.3	3526	87.5F	9.4
39.35	3525	87.5F	9.4
39.4	3525	87.5F	9.4
39.45	3523	87.5F	9.4
39.5	3527	87.5F	9.4
39.55	3529	87.5F	9.4
39.6	3532	87.5F	9.4
39.65	3529	87.5F	9.4
39.7	3524	87.5F	9.4
39.75	3519	87.5F	9.4
39.8	3512	87.5F	9.4
39.85	3504	87.5F	9.4
39.9	3497	87.5F	9.4
39.95	3491	87.5F	9.4
40	3482	87.5F	9.4
40.05	3476	87.5F	9.4
40.1	3470	87.5F	9.4
40.15	3463	87.5F	9.4
40.2	3459	87.5F	9.4
40.25	3454	87.5F	9.4
40.3	3451	87.5F	9.4
40.35	3448	87.5F	9.4
40.4	3446	87.5F	9.4
40.45	3444	87.5F	9.4
40.5	3443	87.5F	9.4
40.55	3440	87.5F	9.4
40.6	3440	87.5F	9.4
40.65	3440	87.5F	9.4
40.7	3439	87.5F	9.4
40.75	3441	87.5F	9.4
40.8	3445	87.5F	9.4
40.85	3447	87.5F	9.4
40.9	3443	87.5F	9.4
40.95	3439	87.5F	9.4
41	3434	87.5F	9.4
41.05	3433	87.5F	9.4
41.1	3428	87.5F	9.4
41.15	3424	87.5F	9.4
41.2	3418	87.5F	9.4
41.25	3416	87.5F	9.4
41.3	3410	87.5F	9.4
41.35	3409	87.5F	9.4
41.4	3407	87.5F	9.4
41.45	3401	87.5F	9.4
41.5	3393	87.5F	9.4
41.55	3385	87.5F	9.4
41.6	3378	87.5F	9.4
41.65	3370	87.5F	9.4
41.7	3361	87.5F	9.4
41.75	3354	87.5F	9.4
41.8	3348	87.5F	9.4
41.85	3347	87.5F	9.4
41.9	3344	87.5F	9.4
41.95	3341	87.5F	9.4
42	3341	87.5F	9.4
42.05	3340	87.5F	9.4
42.1	3342	87.5F	9.4
42.15	3343	87.5F	9.4
42.2	3344	87.5F	9.4
42.25	3343	87.5F	9.4
42.3	3338	87.5F	9.4
42.35	3336	87.4F	9.4
42.4	3328	87.5F	9.4
42.45	3317	87.5F	9.4
42.5	3307	87.4F	9.4
42.55	3297	87.5F	9.4
42.6	3294	87.4F	9.4
42.65	3290	87.5F	9.4
42.7	3296	87.4F	9.4
42.75	3300	87.5F	9.4
42.8	3299	87.4F	9.4
42.85	3296	87.4F	9.4
42.9	3294	87.4F	9.4
42.95	3290	87.4F	9.4
43	3292	87.4F	9.4
43.05	3285	87.4F	9.4
43.1	3280	87.4F	9.4
43.15	3272	87.4F	9.4
43.2	3266	87.5F	9.4
43.25	3267	87.4F	9.4
43.3	3262	87.4F	9.4
43.35	3254	87.4F	9.4
43.4	3252	87.4F	9.4
43.45	3248	87.4F	9.4
43.5	3244	87.4F	9.4
43.55	3239	87.4F	9.4
43.6	3234	87.4F	9.4
43.65	3228	87.5F	9.4
43.7	3226	87.4F	9.4
43.75	3220	87.4F	9.4
43.8	3215	87.4F	9.4
43.85	3212	87.4F	9.4
43.9	3207	87.4F	9.4
43.95	3205	87.4F	9.4
44	3204	87.4F	9.4
44.05	3203	87.4F	9.4
44.1	3203	87.4F	9.4
44.15	3199	87.4F	9.4
44.2	3199	87.4F	9.4
44.25	3203	87.4F	9.4
44.3	3208	87.4F	9.4
44.35	3209	87.4F	9.4
44.4	3205	87.4F	9.4
44.45	3207	87.4F	9.4
44.5	3203	87.4F	9.4
44.55	3202	87.4F	9.4
44.6	3203	87.4F	9.4
44.65	3197	87.4F	9.4
44.7	3189	87.4F	9.4
44.75	3187	87.4F	9.4
44.8	3183	87.4F	9.4
44.85	3181	87.4F	9.4
44.9	3181	87.4F	9.4
44.95	3177	87.4F	9.4
45	3179	87.4F	9.4
45.05	3172	87.4F	9.4
45.1	3167	87.4F	9.4
45.15	3163	87.4F	9.4
45.2	3161	87.4F	9.4
45.25	3161	87.4F	9.4
45.3	3160	87.4F	9.4
45.35	3153	87.4F	9.4
45.4	3153	87.4F	9.4
45.45	3153	87.4F	9.4
45.5	3153	87.4F	9.4
45.55	3145	87.4F	9.4
45.6	3144	87.4F	9.4
45.65	3139	87.4F	9.4
45.7	3136	87.4F	9.4
45.75	3134	87.4F	9.4
45.8	3125	87.4F	9.4
45.85	3123	87.4F	9.4
45.9	3117	87.4F	9.4
45.95	3108	87.4F	9.4
46	3101	87.4F	9.4
46.05	3096	87.4F	9.4
46.1	3092	87.4F	9.4
46.15	3080	87.4F	9.4
46.2	3072	87.4F	9.4
46.25	3063	87.4F	9.4
46.3	3057	87.4F	9.4
46.35	3053	87.4F	9.4
46.4	3054	87.4F	9.4
46.45	3055	87.4F	9.4
46.5	3056	87.4F	9.4
46.55	3052	87.4F	9.4
46.6	3049	87.4F	9.4
46.65	3045	87.4F	9.4
46.7	3042	87.4F	9.4
46.75	3041	87.4F	9.4
46.8	3036	87.4F	9.4
46.85	3037	87.4F	9.4
46.9	3038	87.4F	9.4
46.95	3030	87.4F	9.4
47	3025	87.4F	9.4
47.05	3022	87.4F	9.4
47.1	3015	87.4F	9.4
47.15	3012	87.4F	9.4
47.2	3008	87.4F	9.4
47.25	3006	87.4F	9.4
47.3	3007	87.4F	9.4
47.35	3009	87.4F	9.4
47.4	3012	87.4F	9.4
47.45	3013	87.3F	9.4
47.5	3013	87.4F	9.4
47.55	3017	87.3F	9.4
47.6	3009	87.4F	9.4
47.65	3009	87.3F	9.4
47.7	3009	87.3F	9.4
47.75	3006	87.3F	9.4
47.8	2999	87.3F	9.4
47.85	2983	87.3F	9.4
47.9	2975	87.3F	9.4
47.95	2975	87.3F	9.4
48	2967	87.3F	9.4
48.05	2963	87.3F	9.4
48.1	2963	87.3F	9.4
48.15	2963	87.3F	9.4
48.2	2962	87.3F	9.4
48.25	2951	87.3F	9.4
48.3	2950	87.3F	9.4
48.35	2943	87.3F	9.4
48.4	2944	87.3F	9.4
48.45	2936	87.3F	9.4
48.5	2924	87.3F	9.4
48.55	2918	87.3F	9.4
48.6	2917	87.3F	9.4
48.65	2920	87.3F	9.4
48.7	2925	87.3F	9.4
48.75	2922	87.3F	9.4
48.8	2913	87.3F	9.4
48.85	2911	87.3F	9.4
48.9	2911	87.3F	9.4
48.95	2912	87.3F	9.4
49	2912	87.3F	9.4
49.05	2909	87.3F	9.4
49.1	2905	87.3F	9.4
49.15	2903	87.3F	9.4
49.2	2902	87.3F	9.4
49.25	2902	87.3F	9.4
49.3	2900	87.3F	9.4
49.35	2893	87.3F	9.4
49.4	2892	87.3F	9.4
49.45	2895	87.3F	9.4
49.5	2890	87.3F	9.4
49.55	2887	87.3F	9.4
49.6	2876	87.3F	9.4
49.65	2875	87.3F	9.4
49.7	2870	87.3F	9.4
49.75	2866	87.3F	9.4
49.8	2869	87.3F	9.4
49.85	2864	87.3F	9.4
49.9	2858	87.3F	9.4
49.95	2853	87.3F	9.4
50	2853	87.3F	9.4
50.05	2846	87.3F	9.4
50.1	2843	87.3F	9.4
50.15	2847	87.3F	9.4
50.2	2842	87.3F	9.4
50.25	2843	87.3F	9.4
50.3	2848	87.3F	9.4
50.35	2845	87.3F	9.4
50.4	2835	87.3F	9.4
50.45	2836	87.3F	9.4
50.5	2825	87.3F	9.4
50.55	2816	87.3F	9.4
50.6	2815	87.3F	9.4
50.65	2809	87.3F	9.4
50.7	2802	87.3F	9.4
50.75	2808	87.3F	9.4
50.8	2814	87.3F	9.4
50.85	2812	87.3F	9.4
50.9	2809	87.3F	9.4
50.95	2806	87.3F	9.4
51	2800	87.3F	9.4
51.05	2794	87.3F	9.4
51.1	2784	87.3F	9.4
51.15	2781	87.3F	9.4
51.2	2784	87.3F	9.4
51.25	2781	87.3F	9.4
51.3	2777	87.3F	9.4
51.35	2772	87.3F	9.4
51.4	2761	87.3F	9.4
51.45	2755	87.3F	9.4
51.5	2750	87.3F	9.4
51.55	2750	87.3F	9.4
51.6	2749	87.3F	9.4
51.65	2746	87.3F	9.4
51.7	2740	87.3F	9.4
51.75	2741	87.3F	9.4
51.8	2740	87.3F	9.4
51.85	2739	87.3F	9.4
51.9	2737	87.3F	9.4
51.95	2737	87.3F	9.4
52	2736	87.3F	9.4
52.05	2735	87.3F	9.4
52.1	2736	87.3F	9.4
52.15	2731	87.3F	9.4
52.2	2727	87.3F	9.4
52.25	2723	87.3F	9.4
52.3	2720	87.3F	9.4
52.35	2716	87.3F	9.4
52.4	2713	87.3F	9.4
52.45	2708	87.3F	9.4
52.5	2700	87.3F	9.4
52.55	2691	87.3F	9.4
52.6	2684	87.3F	9.4
52.65	2678	87.3F	9.4
52.7	2674	87.3F	9.4
52.75	2672	87.3F	9.4
52.8	2673	87.3F	9.4
52.85	2674	87.3F	9.4
52.9	2677	87.3F	9.4
52.95	2680	87.3F	9.4
53	2682	87.3F	9.4
53.05	2682	87.3F	9.4
53.1	2677	87.3F	9.4
53.15	2668	87.3F	9.4
53.2	2661	87.3F	9.4
53.25	2655	87.3F	9.4
53.3	2651	87.3F	9.4
53.35	2637	87.3F	9.4
53.4	2627	87.3F	9.4
53.45	2621	87.3F	9.4
53.5	2616	87.3F	9.4
53.55	2613	87.3F	9.4
53.6	2611	87.3F	9.4
53.65	2609	87.3F	9.4
53.7	2606	87.3F	9.4
53.75	2602	87.3F	9.4
53.8	2598	87.3F	9.4
53.85	2593	87.3F	9.4
53.9	2591	87.3F	9.4
53.95	2586	87.3F	9.4
54	2584	87.3F	9.4
54.05	2580	87.3F	9.4
54.1	2577	87.3F	9.4
54.15	2575	87.3F	9.4
54.2	2571	87.3F	9.4
54.25	2567	87.3F	9.4
54.3	2563	87.3F	9.4
54.35	2561	87.3F	9.4
54.4	2560	87.3F	9.4
54.45	2554	87.3F	9.4
54.5	2553	87.3F	9.4
54.55	2548	87.3F	9.4
54.6	2545	87.3F	9.4
54.65	2542	87.3F	9.4
54.7	2540	87.3F	9.4
54.75	2538	87.3F	9.4
54.8	2537	87.3F	9.4
54.85	2536	87.3F	9.4
54.9	2540	87.3F	9.4
54.95	2541	87.2F	9.4
55	2542	87.3F	9.4
55.05	2536	87.3F	9.4
55.1	2529	87.2F	9.4
55.15	2517	87.3F	9.4
55.2	2508	87.2F	9.4
55.25	2501	87.2F	9.4
55.3	2499	87.2F	9.4
55.35	2493	87.2F	9.4
55.4	2492	87.2F	9.4
55.45	2491	87.2F	9.4
55.5	2492	87.2F	9.4
55.55	2493	87.2F	9.4
55.6	2495	87.2F	9.4
55.65	2494	87.2F	9.4
55.7	2490	87.2F	9.4
55.75	2485	87.2F	9.4
55.8	2482	87.2F	9.4
55.85	2476	87.2F	9.4
55.9	2469	87.2F	9.4
55.95	2463	87.2F	9.4
56	2462	87.2F	9.4
56.05	2466	87.2F	9.4
56.1	2463	87.2F	9.4
56.15	2465	87.2F	9.4
56.2	2469	87.2F	9.4
56.25	2471	87.2F	9.4
56.3	2469	87.2F	9.4
56.35	2464	87.2F	9.4
56.4	2463	87.2F	9.4
56.45	2461	87.2F	9.4
56.5	2462	87.2F	9.4
56.55	2457	87.2F	9.4
56.6	2455	87.2F	9.4
56.65	2447	87.2F	9.4
56.7	2439	87.2F	9.4
56.75	2426	87.2F	9.4
56.8	2419	87.2F	9.4
56.85	2420	87.2F	9.4
56.9	2419	87.2F	9.4
56.95	2414	87.2F	9.4
57	2411	87.2F	9.4
57.05	2408	87.2F	9.4
57.1	2408	87.2F	9.4
57.15	2407	87.2F	9.4
57.2	2403	87.2F	9.4
57.25	2398	87.2F	9.4
57.3	2397	87.2F	9.4
57.35	2398	87.2F	9.4
57.4	2391	87.2F	9.4
57.45	2388	87.2F	9.4
57.5	2385	87.2F	9.4
57.55	2383	87.2F	9.4
57.6	2378	87.2F	9.4
57.65	2376	87.2F	9.4
57.7	2372	87.2F	9.4
57.75	2370	87.2F	9.4
57.8	2365	87.2F	9.4
57.85	2356	87.2F	9.4
57.9	2350	87.2F	9.4
57.95	2343	87.2F	9.4
58	2342	87.2F	9.4
58.05	2337	87.2F	9.4
58.1	2336	87.2F	9.4
58.15	2332	87.2F	9.4
58.2	2324	87.2F	9.4
58.25	2326	87.2F	9.4
58.3	2321	87.2F	9.4
58.35	2318	87.2F	9.4
58.4	2311	87.2F	9.4
58.45	2302	87.2F	9.4
58.5	2299	87.2F	9.4
58.55	2293	87.2F	9.4
58.6	2290	87.2F	9.4
58.65	2288	87.2F	9.4
58.7	2289	87.2F	9.4
58.75	2292	87.1F	9.4
58.8	2286	87.2F	9.4
58.85	2280	87.1F	9.4
58.9	2274	87.2F	9.4
58.95	2269	87.1F	9.4
59	2266	87.1F	9.4
59.05	2263	87.1F	9.4
59.1	2258	87.1F	9.4
59.15	2252	87.1F	9.4
59.2	2250	87.1F	9.4
59.25	2249	87.1F	9.4
59.3	2247	87.1F	9.4
59.35	2248	87.1F	9.4
59.4	2254	87.1F	9.4
59.45	2256	87.1F	9.4
59.5	2257	87.1F	9.4
59.55	2255	87.1F	9.4
59.6	2252	87.1F	9.4
59.65	2249	87.1F	9.4
59.7	2241	87.1F	9.4
59.75	2235	87.1F	9.4
59.8	2226	87.1F	9.4
59.85	2218	87.1F	9.4
59.9	2211	87.1F	9.4
59.95	2206	87.1F	9.4
60	2204	87.1F	9.4
60.05	2200	87.1F	9.4
60.1	2196	87.1F	9.4
60.15	2193	87.1F	9.4
60.2	2190	87.1F	9.4
60.25	2188	87.1F	9.4
60.3	2189	87.1F	9.4
60.35	2187	87.1F	9.4
60.4	2184	87.1F	9.4
60.45	2182	87.1F	9.4
60.5	2182	87.1F	9.4
60.55	2181	87.1F	9.4
60.6	2182	87.1F	9.4
60.65	2180	87.1F	9.4
60.7	2176	87.1F	9.4
60.75	2173	87.1F	9.4
60.8	2170	87.1F	9.4
60.85	2166	87.1F	9.4
60.9	2159	87.1F	9.4
60.95	2156	87.1F	9.4
61	2159	87.1F	9.4
61.05	2156	87.1F	9.4
61.1	2153	87.1F	9.4
61.15	2148	87.1F	9.4
61.2	2144	87.1F	9.4
61.25	2141	87.1F	9.4
61.3	2136	87.1F	9.4
61.35	2128	87.1F	9.4
61.4	2124	87.1F	9.4
61.45	2118	87.1F	9.4
61.5	2114	87.1F	9.4
61.55	2109	87.1F	9.4
61.6	2109	87.1F	9.4
61.65	2112	87.1F	9.4
61.7	2115	87.1F	9.4
61.75	2120	87.1F	9.4
61.8	2122	87.1F	9.4
61.85	2119	87.1F	9.4
61.9	2111	87.1F	9.4
61.95	2104	87.1F	9.4
62	2099	87.1F	9.4
62.05	2095	87.1F	9.4
62.1	2092	87.1F	9.4
62.15	2094	87.1F	9.4
62.2	2098	87.1F	9.4
62.25	2098	87.1F	9.4
62.3	2096	87.1F	9.4
62.35	2094	87.1F	9.4
62.4	2090	87.1F	9.4
62.45	2089	87.1F	9.4
62.5	2082	87.1F	9.4
62.55	2076	87.1F	9.4
62.6	2067	87.1F	9.4
62.65	2055	87.1F	9.4
62.7	2045	87.1F	9.4
62.75	2038	87.1F	9.4
62.8	2032	87.1F	9.4
62.85	2028	87.1F	9.4
62.9	2024	87.1F	9.4
62.95	2022	87.1F	9.4
63	2018	87.1F	9.4
63.05	2016	87.1F	9.4
63.1	2013	87.1F	9.4
63.15	2010	87.1F	9.4
63.2	2008	87.1F	9.4
63.25	2005	87.1F	9.4
63.3	2004	87.0F	9.4
63.35	2002	87.1F	9.4
63.4	1998	87.1F	9.4
63.45	1994	87.1F	9.4
63.5	1992	87.0F	9.4
63.55	1992	87.0F	9.4
63.6	1992	87.0F	9.4
63.65	1998	87.0F	9.4
63.7	1996	87.0F	9.4
63.75	1990	87.1F	9.4
63.8	1985	87.0F	9.4
63.85	1976	87.0F	9.4
63.9	1976	87.0F	9.4
63.95	1975	87.0F	9.4
64	1973	87.0F	9.4
64.05	1977	87.1F	9.4
64.1	1974	87.0F	9.4
64.15	1969	87.0F	9.4
64.2	1964	87.0F	9.4
64.25	1958	87.0F	9.4
64.3	1950	87.0F	9.4
64.35	1947	87.0F	9.4
64.4	1942	87.0F	9.4
64.45	1938	87.0F	9.4
64.5	1935	87.0F	9.4
64.55	1931	87.0F	9.4
64.6	1927	87.0F	9.4
64.65	1924	87.0F	9.4
64.7	1921	87.0F	9.4
64.75	1922	87.0F	9.4
64.8	1922	87.0F	9.4
64.85	1920	87.0F	9.4
64.9	1924	87.0F	9.4
64.95	1923	87.0F	9.4
65	1927	87.0F	9.4
65.05	1933	87.0F	9.4
65.1	1929	87.0F	9.4
65.15	1927	87.0F	9.4
65.2	1923	87.0F	9.4
65.25	1928	87.0F	9.4
65.3	1933	87.0F	9.4
65.35	1926	87.0F	9.4
65.4	1923	87.0F	9.4
65.45	1920	87.0F	9.4
65.5	1914	87.0F	9.4
65.55	1910	87.0F	9.4
65.6	1905	87.0F	9.4
65.65	1896	87.0F	9.4
65.7	1889	87.0F	9.4
65.75	1885	87.0F	9.4
65.8	1883	87.0F	9.4
65.85	1880	87.0F	9.4
65.9	1870	87.0F	9.4
65.95	1858	87.0F	9.4
66	1853	87.0F	9.4
66.05	1844	87.0F	9.4
66.1	1838	87.0F	9.4
66.15	1836	87.0F	9.4
66.2	1831	87.0F	9.4
66.25	1830	87.0F	9.4
66.3	1828	87.0F	9.4
66.35	1826	87.0F	9.4
66.4	1825	87.0F	9.4
66.45	1822	87.0F	9.4
66.5	1820	87.0F	9.4
66.55	1819	87.0F	9.4
66.6	1816	87.0F	9.4
66.65	1815	87.0F	9.4
66.7	1814	87.0F	9.4
66.75	1812	87.0F	9.4
66.8	1813	87.0F	9.4
66.85	1812	87.0F	9.4
66.9	1813	87.0F	9.4
66.95	1813	87.0F	9.4
67	1811	87.0F	9.4
67.05	1807	87.0F	9.4
67.1	1802	87.0F	9.4
67.15	1794	86.9F	9.4
67.2	1795	86.9F	9.4
67.25	1791	87.0F	9.4
67.3	1792	86.9F	9.4
67.35	1789	87.0F	9.4
67.4	1794	86.9F	9.4
67.45	1792	86.9F	9.4
67.5	1791	86.9F	9.4
67.55	1788	86.9F	9.4
67.6	1780	86.9F	9.4
67.65	1773	86.9F	9.4
67.7	1760	86.9F	9.4
67.75	1755	86.9F	9.4
67.8	1749	86.9F	9.4
67.85	1742	87.0F	9.4
67.9	1733	86.9F	9.4
67.95	1730	86.9F	9.4
68	1726	86.9F	9.4
68.05	1721	86.9F	9.4
68.1	1719	86.9F	9.4
68.15	1717	86.9F	9.4
68.2	1716	86.9F	9.4
68.25	1715	86.9F	9.4
68.3	1716	86.9F	9.4
68.35	1717	86.9F	9.4
68.4	1719	86.9F	9.4
68.45	1717	86.9F	9.4
68.5	1714	86.9F	9.4
68.55	1706	86.9F	9.4
68.6	1705	86.9F	9.4
68.65	1697	86.9F	9.4
68.7	1693	86.9F	9.4
68.75	1691	86.9F	9.4
68.8	1692	86.9F	9.4
68.85	1697	86.9F	9.4
68.9	1704	86.9F	9.4
68.95	1707	86.9F	9.4
69	1709	86.9F	9.4
69.05	1705	86.9F	9.4
69.1	1702	86.9F	9.4
69.15	1700	86.9F	9.4
69.2	1698	86.9F	9.4
69.25	1692	86.9F	9.4
69.3	1689	86.9F	9.4
69.35	1677	86.9F	9.4
69.4	1672	86.9F	9.4
69.45	1657	86.9F	9.4
69.5	1656	86.9F	9.4
69.55	1651	86.9F	9.4
69.6	1653	86.9F	9.4
69.65	1641	86.9F	9.4
69.7	1633	86.9F	9.4
69.75	1627	86.9F	9.4
69.8	1625	86.9F	9.4
69.85	1623	86.9F	9.4
69.9	1623	86.9F	9.4
69.95	1616	86.9F	9.4
70	1613	86.9F	9.4
70.05	1612	86.9F	9.4
70.1	1608	86.9F	9.4
70.15	1607	86.9F	9.4
70.2	1606	86.9F	9.4
70.25	1605	86.9F	9.4
70.3	1603	86.9F	9.4
70.35	1603	86.9F	9.4
70.4	1606	86.9F	9.4
70.45	1602	86.9F	9.4
70.5	1593	86.9F	9.4
70.55	1595	86.9F	9.4
70.6	1590	86.9F	9.4
70.65	1586	86.9F	9.4
70.7	1580	86.9F	9.4
70.75	1580	86.9F	9.4
70.8	1576	86.9F	9.4
70.85	1574	86.9F	9.4
70.9	1570	86.9F	9.4
70.95	1567	86.9F	9.4
71	1561	86.9F	9.4
71.05	1560	86.9F	9.4
71.1	1557	86.9F	9.4
71.15	1558	86.9F	9.4
71.2	1554	86.9F	9.4
71.25	1555	86.9F	9.4
71.3	1556	86.9F	9.4
71.35	1568	86.9F	9.4
71.4	1557	86.9F	9.4
71.45	1553	86.9F	9.4
71.5	1542	86.9F	9.4
71.55	1538	86.8F	9.4
71.6	1532	86.8F	9.4
71.65	1531	86.8F	9.4
71.7	1528	86.8F	9.4
71.75	1523	86.8F	9.4
71.8	1525	86.8F	9.4
71.85	1521	86.8F	9.4
71.9	1522	86.8F	9.4
71.95	1518	86.8F	9.4
72	1512	86.8F	9.4
72.05	1510	86.8F	9.4
72.1	1509	86.8F	9.4
72.15	1508	86.8F	9.4
72.2	1503	86.8F	9.4
72.25	1506	86.8F	9.4
72.3	1508	86.8F	9.4
72.35	1507	86.8F	9.4
72.4	1501	86.8F	9.4
72.45	1496	86.8F	9.4
72.5	1492	86.8F	9.4
72.55	1488	86.8F	9.4
72.6	1490	86.8F	9.4
72.65	1494	86.8F	9.4
72.7	1490	86.8F	9.4
72.75	1489	86.8F	9.4
72.8	1489	86.8F	9.4
72.85	1486	86.8F	9.4
72.9	1477	86.8F	9.4
72.95	1466	86.8F	9.4
73	1452	86.8F	9.4
73.05	1445	86.8F	9.4
73.1	1440	86.8F	9.4
73.15	1438	86.8F	9.4
73.2	1434	86.8F	9.4
73.25	1434	86.8F	9.4
73.3	1432	86.8F	9.4
73.35	1431	86.8F	9.4
73.4	1428	86.8F	9.4
73.45	1425	86.8F	9.4
73.5	1420	86.8F	9.4
73.55	1417	86.8F	9.4
73.6	1414	86.8F	9.4
73.65	1414	86.8F	9.4
73.7	1412	86.8F	9.4
73.75	1412	86.8F	9.4
73.8	1408	86.8F	9.4
73.85	1406	86.8F	9.4
73.9	1405	86.8F	9.4
73.95	1408	86.8F	9.4
74	1410	86.8F	9.4
74.05	1411	86.8F	9.4
74.1	1410	86.8F	9.4
74.15	1412	86.8F	9.4
74.2	1412	86.8F	9.4
74.25	1399	86.8F	9.4
74.3	1381	86.8F	9.4
74.35	1369	86.8F	9.4
74.4	1363	86.8F	9.4
74.45	1362	86.8F	9.4
74.5	1373	86.8F	9.4
74.55	1373	86.8F	9.4
74.6	1364	86.8F	9.4
74.65	1359	86.8F	9.4
74.7	1355	86.8F	9.4
74.75	1356	86.8F	9.4
74.8	1351	86.8F	9.4
74.85	1344	86.8F	9.4
74.9	1342	86.8F	9.4
74.95	1340	86.7F	9.4
75	1336	86.8F	9.4
75.05	1332	86.8F	9.4
75.1	1327	86.8F	9.4
75.15	1322	86.7F	9.4
75.2	1319	86.8F	9.4
75.25	1314	86.7F	9.4
75.3	1316	86.7F	9.4
75.35	1323	86.7F	9.4
75.4	1325	86.7F	9.4
75.45	1324	86.7F	9.4
75.5	1314	86.7F	9.4
75.55	1303	86.7F	9.4
75.6	1295	86.7F	9.4
75.65	1299	86.7F	9.4
75.7	1297	86.7F	9.4
75.75	1293	86.7F	9.4
75.8	1289	86.7F	9.4
75.85	1287	86.7F	9.4
75.9	1286	86.7F	9.4
75.95	1284	86.7F	9.4
76	1281	86.7F	9.4
76.05	1280	86.7F	9.4
76.1	1275	86.7F	9.4
76.15	1270	86.7F	9.4
76.2	1265	86.7F	9.4
76.25	1259	86.7F	9.4
76.3	1256	86.7F	9.4
76.35	1251	86.7F	9.4
76.4	1245	86.7F	9.4
76.45	1242	86.7F	9.4
76.5	1241	86.7F	9.4
76.55	1236	86.7F	9.4
76.6	1238	86.7F	9.4
76.65	1232	86.7F	9.4
76.7	1228	86.7F	9.4
76.75	1225	86.7F	9.4
76.8	1223	86.7F	9.4
76.85	1225	86.7F	9.4
76.9	1227	86.7F	9.4
76.95	1233	86.7F	9.4
77	1233	86.7F	9.4
77.05	1234	86.7F	9.4
77.1	1238	86.7F	9.4
77.15	1240	86.7F	9.4
77.2	1241	86.7F	9.4
77.25	1234	86.7F	9.4
77.3	1228	86.7F	9.4
77.35	1220	86.7F	9.4
77.4	1214	86.7F	9.4
77.45	1205	86.7F	9.4
77.5	1199	86.7F	9.4
77.55	1199	86.7F	9.4
77.6	1200	86.7F	9.4
77.65	1197	86.7F	9.4
77.7	1192	86.7F	9.4
77.75	1185	86.7F	9.4
77.8	1185	86.7F	9.4
77.85	1180	86.7F	9.4
77.9	1171	86.7F	9.4
77.95	1164	86.7F	9.4
78	1161	86.7F	9.4
78.05	1160	86.7F	9.4
78.1	1159	86.7F	9.4
78.15	1157	86.7F	9.4
78.2	1152	86.7F	9.4
78.25	1157	86.7F	9.4
78.3	1154	86.7F	9.4
78.35	1154	86.7F	9.4
78.4	1151	86.7F	9.4
78.45	1158	86.7F	9.4
78.5	1150	86.7F	9.4
78.55	1147	86.7F	9.4
78.6	1146	86.7F	9.4
78.65	1145	86.7F	9.4
78.7	1142	86.7F	9.4
78.75	1140	86.7F	9.4
78.8	1133	86.7F	9.4
78.85	1132	86.7F	9.4
78.9	1124	86.7F	9.4
78.95	1119	86.7F	9.4
79	1117	86.7F	9.4
79.05	1111	86.7F	9.4
79.1	1114	86.7F	9.4
79.15	1111	86.7F	9.4
79.2	1111	86.7F	9.4
79.25	1111	86.7F	9.4
79.3	1113	86.7F	9.4
79.35	1113	86.7F	9.4
79.4	1110	86.7F	9.4
79.45	1114	86.7F	9.4
79.5	1105	86.7F	9.4
79.55	1098	86.7F	9.4
79.6	1094	86.7F	9.4
79.65	1090	86.7F	9.4
79.7	1086	86.7F	9.4
79.75	1081	86.7F	9.4
79.8	1075	86.7F	9.4
79.85	1064	86.7F	9.4
79.9	1056	86.7F	9.4
79.95	1054	86.7F	9.4
80	1043	86.7F	9.4
80.05	1041	86.7F	9.4
80.1	1039	86.7F	9.4
80.15	1037	86.7F	9.4
80.2	1041	86.7F	9.4
80.25	1040	86.7F	9.4
80.3	1038	86.7F	9.4
80.35	1040	86.7F	9.4
80.4	1030	86.7F	9.4
80.45	1027	86.7F	9.4
80.5	1021	86.7F	9.4
80.55	1015	86.7F	9.4
80.6	1020	86.7F	9.4
80.65	1018	86.7F	9.4
80.7	1018	86.7F	9.4
80.75	1013	86.7F	9.4
80.8	1008	86.7F	9.4
80.85	998	86.6F	9.4
80.9	1000	86.7F	9.4
80.95	990	86.6F	9.4
81	990	86.6F	9.4
81.05	983	86.7F	9.4
81.1	985	86.6F	9.4
81.15	978	86.6F	9.4
81.2	976	86.6F	9.4
81.25	971	86.6F	9.4
81.3	966	86.6F	9.4
81.35	964	86.6F	9.4
81.4	963	86.6F	9.4
81.45	961	86.6F	9.4
81.5	959	86.6F	9.4
81.55	957	86.6F	9.4
81.6	961	86.6F	9.4
81.65	967	86.6F	9.4
81.7	970	86.6F	9.4
81.75	965	86.6F	9.4
81.8	964	86.6F	9.4
81.85	959	86.6F	9.4
81.9	961	86.6F	9.4
81.95	961	86.6F	9.4
82	958	86.6F	9.4
82.05	958	86.6F	9.4
82.1	953	86.6F	9.4
82.15	956	86.6F	9.4
82.2	956	86.6F	9.4
82.25	947	86.6F	9.4
82.3	941	86.6F	9.4
82.35	937	86.6F	9.4
82.4	942	86.6F	9.4
82.45	940	86.6F	9.4
82.5	937	86.6F	9.4
82.55	932	86.6F	9.4
82.6	925	86.6F	9.4
82.65	914	86.6F	9.4
82.7	904	86.6F	9.4
82.75	890	86.6F	9.4
82.8	884	86.6F	9.4
82.85	876	86.6F	9.4
82.9	865	86.6F	9.4
82.95	859	86.6F	9.4
83	857	86.6F	9.4
83.05	852	86.6F	9.4
83.1	849	86.6F	9.4
83.15	846	86.6F	9.4
83.2	845	86.6F	9.4
83.25	843	86.6F	9.4
83.3	845	86.6F	9.4
83.35	847	86.6F	9.4
83.4	849	86.6F	9.4
83.45	843	86.6F	9.4
83.5	836	86.6F	9.4
83.55	829	86.6F	9.4
83.6	827	86.6F	9.4
83.65	824	86.6F	9.4
83.7	825	86.6F	9.4
83.75	827	86.6F	9.4
83.8	824	86.6F	9.4
83.85	818	86.6F	9.4
83.9	809	86.6F	9.4
83.95	801	86.6F	9.4
84	799	86.6F	9.4
84.05	795	86.6F	9.4
84.1	795	86.6F	9.4
84.15	791	86.6F	9.4
84.2	790	86.6F	9.4
84.25	791	86.6F	9.4
84.3	791	86.6F	9.4
84.35	796	86.6F	9.4
84.4	793	86.6F	9.4
84.45	787	86.6F	9.4
84.5	780	86.6F	9.4
84.55	772	86.6F	9.4
84.6	769	86.6F	9.4
84.65	768	86.6F	9.4
84.7	768	86.6F	9.4
84.75	774	86.6F	9.4
84.8	775	86.6F	9.4
84.85	764	86.6F	9.4
84.9	753	86.6F	9.4
84.95	749	86.6F	9.4
85	743	86.6F	9.4
85.05	738	86.6F	9.4
85.1	737	86.6F	9.4
85.15	733	86.6F	9.4
85.2	737	86.6F	9.4
85.25	741	86.5F	9.4
85.3	738	86.6F	9.4
85.35	745	86.5F	9.4
85.4	746	86.6F	9.4
85.45	746	86.6F	9.4
85.5	737	86.6F	9.4
85.55	738	86.5F	9.4
85.6	734	86.5F	9.4
85.65	729	86.5F	9.4
85.7	720	86.5F	9.4
85.75	716	86.6F	9.4
85.8	712	86.5F	9.4
85.85	708	86.5F	9.4
85.9	700	86.5F	9.4
85.95	693	86.5F	9.4
86	687	86.5F	9.4
86.05	679	86.5F	9.4
86.1	674	86.5F	9.4
86.15	669	86.5F	9.4
86.2	668	86.5F	9.4
86.25	664	86.5F	9.4
86.3	663	86.5F	9.4
86.35	661	86.5F	9.4
86.4	659	86.5F	9.4
86.45	653	86.5F	9.4
86.5	648	86.5F	9.4
86.55	645	86.5F	9.4
86.6	646	86.5F	9.4
86.65	644	86.5F	9.4
86.7	642	86.5F	9.4
86.75	641	86.5F	9.4
86.8	643	86.5F	9.4
86.85	641	86.5F	9.4
86.9	641	86.5F	9.4
86.95	636	86.5F	9.4
87	635	86.5F	9.4
87.05	634	86.5F	9.4
87.1	631	86.5F	9.4
87.15	625	86.5F	9.4
87.2	618	86.5F	9.4
87.25	609	86.5F	9.4
87.3	605	86.5F	9.4
87.35	598	86.5F	9.4
87.4	602	86.5F	9.4
87.45	599	86.5F	9.4
87.5	595	86.5F	9.4
87.55	599	86.5F	9.4
87.6	605	86.5F	9.4
87.65	605	86.5F	9.4
87.7	592	86.5F	9.4
87.75	583	86.5F	9.4
87.8	579	86.5F	9.4
87.85	571	86.5F	9.4
87.9	564	86.5F	9.4
87.95	557	86.5F	9.4
88	553	86.5F	9.4
88.05	548	86.5F	9.4
88.1	550	86.5F	9.4
88.15	547	86.5F	9.4
88.2	544	86.5F	9.4
88.25	541	86.5F	9.4
88.3	534	86.5F	9.4
88.35	526	86.5F	9.4
88.4	527	86.5F	9.4
88.45	525	86.5F	9.4
88.5	523	86.5F	9.4
88.55	521	86.5F	9.4
88.6	520	86.5F	9.4
88.65	519	86.5F	9.4
88.7	519	86.5F	9.4
88.75	517	86.5F	9.4
88.8	517	86.5F	9.4
88.85	517	86.5F	9.4
88.9	516	86.5F	9.4
88.95	517	86.5F	9.4
89	516	86.5F	9.4
89.05	517	86.5F	9.4
89.1	517	86.5F	9.4
89.15	515	86.5F	9.4
89.2	516	86.5F	9.4
89.25	515	86.5F	9.4
89.3	515	86.5F	9.4
89.35	513	86.5F	9.4
89.4	511	86.5F	9.4
89.45	511	86.5F	9.4
89.5	510	86.5F	9.4
89.55	508	86.5F	9.4
89.6	507	86.5F	9.4
89.65	508	86.5F	9.4
89.7	506	86.5F	9.4
89.75	507	86.5F	9.4
89.8	507	86.5F	9.4
89.85	506	86.5F	9.4
89.9	505	86.5F	9.4
89.95	505	86.5F	9.4
90	504	86.5F	9.4
90.05	504	86.5F	9.4
90.1	499	86.5F	9.4
90.15	498	86.5F	9.4
90.2	495	86.5F	9.4
90.25	494	86.5F	9.4
90.3	492	86.5F	9.4
90.35	493	86.5F	9.4
90.4	496	86.5F	9.4
90.45	492	86.5F	9.4
90.5	489	86.5F	9.4
90.55	489	86.5F	9.4
90.6	486	86.5F	9.4
90.65	486	86.5F	9.4
90.7	486	86.5F	9.4
90.75	484	86.5F	9.4
90.8	484	86.5F	9.4
90.85	481	86.5F	9.4
90.9	481	86.5F	9.4
90.95	478	86.5F	9.4
91	478	86.4F	9.4
91.05	477	86.5F	9.4
91.1	478	86.5F	9.4
91.15	477	86.5F	9.4
91.2	477	86.4F	9.4
91.25	477	86.4F	9.4
91.3	476	86.5F	9.4
91.35	475	86.4F	9.4
91.4	474	86.4F	9.4
91.45	474	86.4F	9.4
91.5	474	86.4F	9.4
91.55	471	86.4F	9.4
91.6	470	86.4F	9.4
91.65	468	86.4F	9.4
91.7	465	86.4F	9.4
91.75	465	86.4F	9.4
91.8	462	86.4F	9.4
91.85	461	86.4F	9.4
91.9	459	86.4F	9.4
91.95	459	86.4F	9.4
92	457	86.4F	9.4
92.05	457	86.4F	9.4
92.1	456	86.4F	9.4
92.15	454	86.4F	9.4
92.2	454	86.4F	9.4
92.25	451	86.4F	9.4
92.3	451	86.4F	9.4
92.35	450	86.4F	9.4
92.4	450	86.4F	9.4
92.45	449	86.4F	9.4
92.5	447	86.4F	9.4
92.55	446	86.4F	9.4
92.6	447	86.4F	9.4
92.65	445	86.4F	9.4
92.7	444	86.4F	9.4
92.75	443	86.4F	9.4
92.8	443	86.4F	9.4
92.85	441	86.4F	9.4
92.9	441	86.4F	9.4
92.95	438	86.4F	9.4
93	435	86.4F	9.4
93.05	434	86.4F	9.4
93.1	432	86.4F	9.4
93.15	432	86.4F	9.4
93.2	433	86.4F	9.4
93.25	432	86.4F	9.4
93.3	431	86.4F	9.4
93.35	432	86.4F	9.4
93.4	431	86.4F	9.4
93.45	431	86.4F	9.4
93.5	431	86.4F	9.4
93.55	430	86.4F	9.4
93.6	427	86.4F	9.4
93.65	427	86.4F	9.4
93.7	425	86.4F	9.4
93.75	424	86.4F	9.4
93.8	422	86.4F	9.4
93.85	420	86.4F	9.4
93.9	420	86.4F	9.4
93.95	419	86.4F	9.4
94	418	86.4F	9.4
94.05	416	86.4F	9.4
94.1	415	86.4F	9.4
94.15	415	86.4F	9.4
94.2	414	86.4F	9.4
94.25	414	86.4F	9.4
94.3	413	86.4F	9.4
94.35	412	86.4F	9.4
94.4	409	86.4F	9.4
94.45	410	86.4F	9.4
94.5	409	86.4F	9.4
94.55	409	86.4F	9.4
94.6	407	86.4F	9.4
94.65	408	86.4F	9.4
94.7	407	86.4F	9.4
94.75	405	86.4F	9.4
94.8	405	86.4F	9.4
94.85	405	86.4F	9.4
94.9	406	86.4F	9.4
94.95	406	86.4F	9.4
95	408	86.4F	9.4
95.05	406	86.4F	9.4
95.1	403	86.4F	9.4
95.15	402	86.4F	9.4
95.2	402	86.4F	9.4
95.25	399	86.4F	9.4
95.3	400	86.4F	9.4
95.35	398	86.4F	9.4
95.4	398	86.4F	9.4
95.45	400	86.4F	9.4
95.5	397	86.4F	9.4
95.55	396	86.4F	9.4
95.6	397	86.4F	9.4
95.65	396	86.4F	9.4
95.7	394	86.4F	9.4
95.75	394	86.4F	9.4
95.8	394	86.4F	9.4
95.85	391	86.4F	9.4
95.9	391	86.4F	9.4
95.95	390	86.4F	9.4
96	389	86.4F	9.4
96.05	388	86.4F	9.4
96.1	387	86.4F	9.4
96.15	385	86.4F	9.4
96.2	387	86.4F	9.4
96.25	386	86.4F	9.4
96.3	385	86.4F	9.4
96.35	384	86.4F	9.4
96.4	382	86.4F	9.4
96.45	383	86.4F	9.4
96.5	383	86.4F	9.4
96.55	382	86.4F	9.4
96.6	382	86.3F	9.4
96.65	381	86.4F	9.4
96.7	380	86.4F	9.4
96.75	380	86.4F	9.4
96.8	379	86.4F	9.4
96.85	378	86.3F	9.4
96.9	378	86.3F	9.4
96.95	376	86.3F	9.4
97	375	86.3F	9.4
97.05	376	86.3F	9.4
97.1	374	86.3F	9.4
97.15	372	86.3F	9.4
97.2	371	86.4F	9.4
97.25	370	86.3F	9.4
97.3	371	86.3F	9.4
97.35	369	86.3F	9.4
97.4	369	86.3F	9.4
97.45	368	86.3F	9.4
97.5	368	86.3F	9.4
97.55	367	86.3F	9.4
97.6	366	86.3F	9.4
97.65	366	86.3F	9.4
97.7	365	86.3F	9.4
97.75	365	86.3F	9.4
97.8	364	86.3F	9.4
97.85	364	86.3F	9.4
97.9	363	86.3F	9.4
97.95	361	86.3F	9.4
98	361	86.3F	9.4
98.05	359	86.3F	9.4
98.1	359	86.3F	9.4
98.15	358	86.3F	9.4
98.2	358	86.3F	9.4
98.25	355	86.3F	9.4
98.3	355	86.3F	9.4
98.35	354	86.3F	9.4
98.4	352	86.3F	9.4
98.45	352	86.3F	9.4
98.5	350	86.3F	9.4
98.55	349	86.3F	9.4
98.6	349	86.3F	9.4
98.65	349	86.3F	9.4
98.7	348	86.3F	9.4
98.75	347	86.3F	9.4
98.8	346	86.3F	9.4
98.85	346	86.3F	9.4
98.9	347	86.3F	9.4
98.95	344	86.3F	9.4
99	343	86.3F	9.4
99.05	342	86.3F	9.4
99.1	342	86.3F	9.4
99.15	340	86.3F	9.4
99.2	340	86.3F	9.4
99.25	339	86.3F	9.4
99.3	338	86.3F	9.4
99.35	337	86.3F	9.4
99.4	338	86.3F	9.4
99.45	337	86.3F	9.4
99.5	336	86.3F	9.4
99.55	334	86.3F	9.4
99.6	333	86.3F	9.4
99.65	331	86.3F	9.4
99.7	330	86.3F	9.4
99.75	328	86.3F	9.4
99.8	326	86.3F	9.4
99.85	325	86.3F	9.4
99.9	325	86.3F	9.4
99.95	323	86.3F	9.4
100	323	86.3F	9.4
100.05	321	86.3F	9.4
100.1	320	86.3F	9.4
100.15	320	86.3F	9.4
100.2	319	86.3F	9.4
100.25	319	86.3F	9.4
100.3	318	86.3F	9.4
100.35	317	86.3F	9.4
100.4	316	86.3F	9.4
100.45	316	86.3F	9.4
100.5	313	86.3F	9.4
100.55	313	86.3F	9.4
100.6	313	86.3F	9.4
100.65	311	86.3F	9.4
100.7	310	86.3F	9.4
100.75	309	86.3F	9.4
100.8	309	86.3F	9.4
100.85	307	86.3F	9.4
100.9	305	86.3F	9.4
100.95	307	86.3F	9.4
101	307	86.3F	9.4
101.05	306	86.3F	9.4
101.1	306	86.3F	9.4
101.15	304	86.3F	9.4
101.2	304	86.3F	9.4
101.25	304	86.3F	9.4
101.3	302	86.3F	9.4
101.35	299	86.3F	9.4
101.4	298	86.3F	9.4
101.45	297	86.3F	9.4
101.5	296	86.3F	9.4
101.55	297	86.3F	9.4
101.6	298	86.3F	9.4
101.65	296	86.3F	9.4
101.7	296	86.3F	9.4
101.75	294	86.3F	9.4
101.8	293	86.3F	9.4
101.85	289	86.3F	9.4
101.9	288	86.3F	9.4
101.95	290	86.3F	9.4
102	289	86.3F	9.4
102.05	288	86.3F	9.4
102.1	286	86.3F	9.4
102.15	287	86.3F	9.4
102.2	286	86.3F	9.4
102.25	287	86.3F	9.4
102.3	286	86.3F	9.4
102.35	283	86.3F	9.4
102.4	282	86.3F	9.4
102.45	279	86.3F	9.4
102.5	278	86.3F	9.4
102.55	276	86.3F	9.4
102.6	275	86.3F	9.4
102.65	275	86.2F	9.4
102.7	273	86.3F	9.4
102.75	272	86.3F	9.4
102.8	273	86.3F	9.4
102.85	272	86.2F	9.4
102.9	272	86.3F	9.4
102.95	270	86.2F	9.4
103	269	86.2F	9.4
103.05	267	86.2F	9.4
103.1	268	86.2F	9.4
103.15	265	86.2F	9.4
103.2	264	86.2F	9.4
103.25	263	86.2F	9.4
103.3	262	86.2F	9.4
103.35	262	86.2F	9.4
103.4	261	86.2F	9.4
103.45	259	86.2F	9.4
103.5	257	86.2F	9.4
103.55	257	86.2F	9.4
103.6	255	86.2F	9.4
103.65	252	86.2F	9.4
103.7	252	86.2F	9.4
103.75	250	86.2F	9.4
103.8	249	86.2F	9.4
103.85	247	86.2F	9.4
103.9	246	86.2F	9.4
103.95	245	86.2F	9.4
104	245	86.2F	9.4
104.05	244	86.2F	9.4
104.1	243	86.2F	9.4
104.15	243	86.2F	9.4
104.2	240	86.2F	9.4
104.25	238	86.2F	9.4
104.3	238	86.2F	9.4
104.35	238	86.2F	9.4
104.4	235	86.2F	9.4
104.45	235	86.2F	9.4
104.5	234	86.2F	9.4
104.55	232	86.2F	9.4
104.6	231	86.2F	9.4
104.65	229	86.2F	9.4
104.7	228	86.2F	9.4
104.75	227	86.2F	9.4
104.8	226	86.2F	9.4
104.85	225	86.2F	9.4
104.9	224	86.2F	9.4
104.95	222	86.2F	9.4
105	221	86.2F	9.4
105.05	220	86.2F	9.4
105.1	219	86.2F	9.4
105.15	219	86.2F	9.4
105.2	218	86.2F	9.4
105.25	216	86.2F	9.4
105.3	215	86.2F	9.4
105.35	215	86.2F	9.4
105.4	214	86.2F	9.4
105.45	213	86.2F	9.4
105.5	210	86.2F	9.4
105.55	210	86.2F	9.4
105.6	208	86.2F	9.4
105.65	205	86.2F	9.4
105.7	205	86.2F	9.4
105.75	203	86.2F	9.4
105.8	202	86.2F	9.4
105.85	200	86.2F	9.4
105.9	200	86.2F	9.4
105.95	199	86.2F	9.4
106	198	86.2F	9.4
106.05	196	86.2F	9.4
106.1	195	86.2F	9.4
106.15	195	86.2F	9.4
106.2	193	86.2F	9.4
106.25	191	86.2F	9.4
106.3	191	86.2F	9.4
106.35	190	86.2F	9.4
106.4	189	86.2F	9.4
106.45	189	86.2F	9.4
106.5	186	86.2F	9.4
106.55	187	86.2F	9.4
106.6	185	86.2F	9.4
106.65	184	86.2F	9.4
106.7	183	86.2F	9.4
106.75	184	86.2F	9.4
106.8	182	86.2F	9.4
106.85	180	86.2F	9.4
106.9	179	86.2F	9.4
106.95	178	86.2F	9.4
107	178	86.2F	9.4
107.05	178	86.2F	9.4
107.1	177	86.2F	9.4
107.15	175	86.2F	9.4
107.2	175	86.2F	9.4
107.25	175	86.2F	9.4
107.3	174	86.2F	9.4
107.35	175	86.2F	9.4
107.4	172	86.2F	9.4
107.45	171	86.2F	9.4
107.5	171	86.2F	9.4
107.55	171	86.2F	9.4
107.6	169	86.2F	9.4
107.65	168	86.2F	9.4
107.7	165	86.1F	9.4
107.75	166	86.1F	9.4
107.8	163	86.2F	9.4
107.85	162	86.2F	9.4
107.9	162	86.2F	9.4
107.95	160	86.2F	9.4
108	161	86.1F	9.4
108.05	160	86.2F	9.4
108.1	158	86.2F	9.4
108.15	156	86.2F	9.4
108.2	155	86.2F	9.4
108.25	154	86.1F	9.4
108.3	152	86.2F	9.4
108.35	152	86.1F	9.4
108.4	151	86.1F	9.4
108.45	149	86.1F	9.4
108.5	148	86.2F	9.4
108.55	147	86.2F	9.4
108.6	146	86.1F	9.4
108.65	144	86.1F	9.4
108.7	144	86.2F	9.4
108.75	143	86.1F	9.4
108.8	144	86.1F	9.4
108.85	142	86.1F	9.4
108.9	141	86.1F	9.4
108.95	139	86.2F	9.4
109	138	86.1F	9.4
109.05	138	86.1F	9.4
109.1	136	86.1F	9.4
109.15	135	86.1F	9.4
109.2	132	86.2F	9.4
109.25	132	86.1F	9.4
109.3	131	86.1F	9.4
109.35	130	86.1F	9.4
109.4	130	86.1F	9.4
109.45	128	86.1F	9.4
109.5	127	86.1F	9.4
109.55	125	86.1F	9.4
109.6	124	86.1F	9.4
109.65	125	86.1F	9.4
109.7	123	86.1F	9.4
109.75	123	86.1F	9.4
109.8	121	86.1F	9.4
109.85	121	86.1F	9.4
109.9	120	86.1F	9.4
109.95	118	86.1F	9.4
110	118	86.1F	9.4
110.05	117	86.1F	9.4
110.1	115	86.1F	9.4
110.15	114	86.1F	9.4
110.2	112	86.1F	9.4
110.25	112	86.1F	9.4
110.3	110	86.1F	9.4
110.35	109	86.1F	9.4
110.4	108	86.1F	9.4
110.45	106	86.1F	9.4
110.5	106	86.1F	9.4
110.55	106	86.1F	9.4
110.6	105	86.1F	9.4
110.65	104	86.1F	9.4
110.7	103	86.1F	9.4
110.75	102	86.1F	9.4
110.8	102	86.1F	9.4
110.85	99	86.1F	9.4
110.9	101	86.1F	9.4
110.95	99	86.1F	9.4
111	99	86.1F	9.4
111.05	97	86.1F	9.4
111.1	96	86.1F	9.4
111.15	93	86.1F	9.4
111.2	92	86.1F	9.4
111.25	91	86.1F	9.4
111.3	90	86.1F	9.4
111.35	90	86.1F	9.4
111.4	88	86.1F	9.4
111.45	87	86.1F	9.4
111.5	87	86.1F	9.4
111.55	84	86.1F	9.4
111.6	83	86.1F	9.4
111.65	82	86.1F	9.4
111.7	80	86.1F	9.4
111.75	80	86.1F	9.4
111.8	79	86.1F	9.4
111.85	76	86.1F	9.4
111.9	75	86.1F	9.4
111.95	74	86.1F	9.4
112	73	86.1F	9.4
112.05	72	86.1F	9.4
112.1	71	86.1F	9.4
112.15	69	86.1F	9.4
112.2	68	86.1F	9.4
112.25	66	86.1F	9.4
112.3	67	86.1F	9.4
112.35	64	86.1F	9.4
112.4	65	86.1F	9.4
112.45	65	86.1F	9.4
112.5	62	86.1F	9.4
112.55	61	86.1F	9.4
112.6	60	86.1F	9.4
112.65	59	86.1F	9.4
112.7	59	86.1F	9.4
112.75	60	86.1F	9.4
112.8	57	86.1F	9.4
112.85	58	86.1F	9.4
112.9	57	86.1F	9.4
112.95	55	86.1F	9.4
113	53	86.1F	9.4
113.05	52	86.1F	9.4
113.1	50	86.1F	9.4
113.15	49	86.1F	9.4
113.2	47	86.1F	9.4
113.25	46	86.1F	9.4
113.3	45	86.1F	9.4
113.35	43	86.1F	9.4
113.4	41	86.1F	9.4
113.45	40	86.1F	9.4
113.5	38	86.1F	9.4
113.55	38	86.1F	9.4
113.6	37	86.1F	9.4
113.65	35	86.1F	9.4
113.7	35	86.1F	9.4
113.75	34	86.1F	9.4
113.8	34	86.1F	9.4
113.85	32	86.1F	9.4
113.9	31	86.1F	9.4
113.95	32	86.1F	9.4
114	31	86.1F	9.4
114.05	30	86.1F	9.4
114.1	29	86.1F	9.4
114.15	27	86.1F	9.4
114.2	26	86.1F	9.4
114.25	26	86.1F	9.4
114.3	26	86.1F	9.4
114.35	24	86.1F	9.4
114.4	23	86.1F	9.4
114.45	22	86.1F	9.4
114.5	22	86.1F	9.4
114.55	19	86.1F	9.4
114.6	20	86.1F	9.4
114.65	18	86.1F	9.4
114.7	19	86.1F	9.4
114.75	18	86.1F	9.4
114.8	17	86.1F	9.4
114.85	17	86.1F	9.4
114.9	16	86.1F	9.4
114.95	15	86.1F	9.4
115	14	86.1F	9.4
115.05	13	86.1F	9.4
115.1	14	86.1F	9.4
115.15	10	86.1F	9.4
115.2	10	86.1F	9.4
115.25	6	86.1F	9.4
115.3	8	86.1F	9.4
115.35	6	86.1F	9.4
115.4	4	86.1F	9.4
115.45	2	86.1F	9.4
115.5	0	86.1F	9.4
115.55	0	86.1F	9.4
115.6	-5	86.1F	9.4
115.65	5	86.1F	9.4
115.7	1	86.1F	9.4
115.75	0	86.1F	9.4
115.8	-1	86.1F	9.4
115.85	-2	86.1F	9.4
115.9	-3	86.1F	9.4
115.95	-5	86.1F	9.4
116	-5	86.1F	9.4
116.05	-5	86.1F	9.4
116.1	-5	86.1F	9.4
116.15	-4	86.1F	9.4
116.2	-3	86.1F	9.4
116.25	-4	86.1F	9.4
116.3	-5	86.1F	9.4
116.35	-4	86.1F	9.4
116.4	-5	86.1F	9.4
116.45	-4	86.1F	9.4
116.5	-5	86.1F	9.4
116.55	-4	86.1F	9.4
116.6	-4	86.1F	9.4
116.65	-5	86.1F	9.4
116.7	-5	86.1F	9.4
116.75	-5	86.1F	9.4
116.8	-3	86.0F	9.4
116.85	-4	86.1F	9.4
116.9	-5	86.1F	9.4
116.95	-2	86.1F	9.4
117	-4	86.1F	9.4
117.05	-5	86.1F	9.4
117.1	-5	86.1F	9.4
117.15	-5	86.1F	9.4
117.2	-4	86.1F	9.4
117.25	-5	86.1F	9.4
117.3	-5	86.1F	9.4
117.35	-6	86.1F	9.4
117.4	-5	86.1F	9.4
117.45	-5	86.1F	9.4
117.5	-4	86.1F	9.4
117.55	-4	86.1F	9.4
117.6	-5	86.1F	9.4
117.65	-3	86.0F	9.4
117.7	-4	86.0F	9.4
117.75	-4	86.1F	9.4
117.8	-4	86.0F	9.4
117.85	-4	86.0F	9.4
117.9	-3	86.1F	9.4
117.95	-5	86.0F	9.4
118	-4	86.0F	9.4
118.05	-4	86.0F	9.4
118.1	-5	86.0F	9.4
118.15	-5	86.1F	9.4
118.2	-4	86.0F	9.4
118.25	-5	86.0F	9.4
118.3	-4	86.0F	9.4
118.35	-4	86.0F	9.4
118.4	-4	86.0F	9.4
118.45	-3	86.0F	9.4
118.5	-5	86.1F	9.4
118.55	-5	86.1F	9.4
118.6	-4	86.0F	9.4
118.65	-5	86.1F	9.4
118.7	-4	86.0F	9.4
118.75	-4	86.0F	9.4
118.8	-5	86.0F	9.4
118.85	-4	86.0F	9.4
118.9	-3	86.0F	9.4
118.95	-3	86.0F	9.4
119	-4	86.1F	9.4
119.05	-5	86.1F	9.4
119.1	-4	86.0F	9.4
119.15	-5	86.0F	9.4
119.2	-4	86.0F	9.4
119.25	-5	86.0F	9.4
119.3	-5	86.0F	9.4
119.35	-4	86.0F	9.4
119.4	-4	86.0F	9.4
119.45	-4	86.0F	9.4
119.5	-5	86.0F	9.4
119.55	-5	86.0F	9.4
119.6	-4	86.0F	9.4
119.65	-5	86.0F	9.4
119.7	-5	86.0F	9.4
119.75	-3	86.0F	9.4
119.8	-3	86.0F	9.4
119.85	-5	86.0F	9.4
119.9	-3	86.0F	9.4
119.95	-5	86.0F	9.4
120	-4	86.0F	9.4
120.05	-5	86.0F	9.4
120.1	-3	86.0F	9.4
120.15	-4	86.0F	9.4
120.2	-4	86.0F	9.4
120.25	-4	86.0F	9.4
120.3	-3	86.0F	9.4
120.35	-5	86.1F	9.4
120.4	-5	86.0F	9.4
120.45	-5	86.0F	9.4
120.5	-4	86.0F	9.4
120.55	-5	86.0F	9.4
120.6	-4	86.0F	9.4
120.65	-5	86.0F	9.4
120.7	-5	86.0F	9.4
120.75	-5	86.0F	9.4
120.8	-5	86.0F	9.4
120.85	-4	86.0F	9.4
120.9	-5	86.0F	9.4
120.95	-5	86.0F	9.4
121	-4	86.0F	9.4
121.05	-5	86.0F	9.4
121.1	-4	86.0F	9.4
121.15	-4	86.0F	9.4
121.2	-5	86.0F	9.4
121.25	-4	86.0F	9.4
121.3	-4	86.0F	9.4
121.35	-4	86.0F	9.4
121.4	-4	86.0F	9.4
121.45	-3	86.0F	9.4
121.5	-5	86.0F	9.4
121.55	-5	86.0F	9.4
