PerfectFlite SLCF				
Firmware: 1.0				
Software: 1.16				
Serial Number: 5241				
Apogee: 4823' AGL				
Ground Elevation: 605' MSL				
NumSamps: 2432				
Flight Number: 12				
Main Setting: 700' AGL				
Apogee Delay: 0 Seconds				
Drogue At: 17.50 Seconds				
Main At: 85.90 Seconds				
Max Drogue Current: 5 Amps				
Max Main Current: 0 Amps				
Comments: 				
				
				
Data: (Time	 Altitude	 Velocity	 Temperature (F)	 Voltage)
0	0	0	86.5	9.4
0.05	0	7	86.49	9.4
0.1	1	1	86.49	9.4
0.15	1	4	86.49	9.4
0.2	0	10	86.49	9.4
0.25	1	14	86.49	9.4
0.3	2	20	86.49	9.4
0.35	3	24	86.49	9.4
0.4	9	29	86.49	9.4
0.45	5	38	86.49	9.4
0.5	6	48	86.49	9.4
0.55	12	61	86.54	9.4
0.6	15	77	86.49	9.4
0.65	19	94	86.49	9.4
0.7	26	110	86.49	9.4
0.75	32	125	86.49	9.4
0.8	38	140	86.49	9.4
0.85	46	153	86.5	9.4
0.9	56	166	86.49	9.4
0.95	63	178	86.49	9.4
1	73	188	86.49	9.4
1.05	85	198	86.5	9.4
1.1	94	207	86.49	9.4
1.15	103	216	86.49	9.4
1.2	116	225	86.49	9.4
1.25	128	237	86.49	9.4
1.3	140	249	86.49	9.4
1.35	152	265	86.49	9.4
1.4	165	284	86.49	9.4
1.45	181	304	86.49	9.4
1.5	198	320	86.49	9.4
1.55	216	332	86.5	9.4
1.6	234	336	86.49	9.4
1.65	253	334	86.49	9.4
1.7	268	332	86.5	9.4
1.75	280	334	86.5	9.4
1.8	298	342	86.49	9.4
1.85	315	357	86.5	9.4
1.9	333	373	86.54	9.4
1.95	357	387	86.5	9.4
2	378	397	86.5	9.4
2.05	395	403	86.5	9.4
2.1	414	403	86.5	9.4
2.15	436	402	86.54	9.4
2.2	460	404	86.54	9.4
2.25	480	413	86.54	9.4
2.3	491	436	86.5	9.4
2.35	513	474	86.54	9.4
2.4	537	523	86.5	9.4
2.45	576	576	86.54	9.4
2.5	606	625	86.54	9.4
2.55	639	662	86.54	9.4
2.6	673	687	86.54	9.4
2.65	711	701	86.5	9.4
2.7	749	706	86.54	9.4
2.75	784	705	86.54	9.4
2.8	816	703	86.54	9.4
2.85	850	696	86.54	9.4
2.9	890	687	86.54	9.4
2.95	921	675	86.54	9.4
3	956	659	86.54	9.4
3.05	987	642	86.54	9.4
3.1	1018	626	86.54	9.4
3.15	1048	612	86.54	9.4
3.2	1077	604	86.56	9.4
3.25	1106	601	86.54	9.4
3.3	1137	599	86.54	9.4
3.35	1168	599	86.54	9.4
3.4	1196	598	86.56	9.4
3.45	1228	595	86.54	9.4
3.5	1257	590	86.58	9.4
3.55	1286	584	86.54	9.4
3.6	1315	576	86.56	9.4
3.65	1344	569	86.56	9.4
3.7	1372	563	86.56	9.4
3.75	1397	558	86.56	9.4
3.8	1427	555	86.54	9.4
3.85	1454	554	86.54	9.4
3.9	1482	551	86.54	9.4
3.95	1511	548	86.54	9.4
4	1536	546	86.54	9.4
4.05	1563	542	86.56	9.4
4.1	1591	538	86.56	9.4
4.15	1618	535	86.58	9.4
4.2	1645	531	86.54	9.4
4.25	1670	527	86.54	9.4
4.3	1695	525	86.56	9.4
4.35	1722	523	86.56	9.4
4.4	1751	522	86.54	9.4
4.45	1774	521	86.56	9.4
4.5	1800	519	86.58	9.4
4.55	1825	517	86.56	9.4
4.6	1853	512	86.54	9.4
4.65	1882	505	86.56	9.4
4.7	1902	498	86.54	9.4
4.75	1925	492	86.56	9.4
4.8	1951	487	86.56	9.4
4.85	1976	484	86.56	9.4
4.9	2000	481	86.56	9.4
4.95	2024	479	86.56	9.4
5	2047	477	86.56	9.4
5.05	2071	476	86.56	9.4
5.1	2092	476	86.56	9.4
5.15	2119	475	86.56	9.4
5.2	2144	473	86.54	9.4
5.25	2167	470	86.56	9.4
5.3	2189	466	86.54	9.4
5.35	2211	463	86.56	9.4
5.4	2235	460	86.54	9.4
5.45	2258	458	86.54	9.4
5.5	2282	456	86.56	9.4
5.55	2304	453	86.58	9.4
5.6	2326	450	86.54	9.4
5.65	2348	446	86.56	9.4
5.7	2371	443	86.54	9.4
5.75	2392	440	86.56	9.4
5.8	2415	437	86.54	9.4
5.85	2437	436	86.56	9.4
5.9	2456	435	86.54	9.4
5.95	2479	434	86.54	9.4
6	2501	433	86.54	9.4
6.05	2525	430	86.54	9.4
6.1	2545	427	86.56	9.4
6.15	2564	424	86.56	9.4
6.2	2586	421	86.54	9.4
6.25	2607	419	86.54	9.4
6.3	2629	416	86.54	9.4
6.35	2649	413	86.54	9.4
6.4	2670	409	86.54	9.4
6.45	2689	405	86.54	9.4
6.5	2710	402	86.54	9.4
6.55	2729	400	86.56	9.4
6.6	2749	399	86.54	9.4
6.65	2769	399	86.54	9.4
6.7	2790	398	86.54	9.4
6.75	2809	397	86.54	9.4
6.8	2829	395	86.54	9.4
6.85	2848	392	86.54	9.4
6.9	2868	389	86.54	9.4
6.95	2889	385	86.54	9.4
7	2906	382	86.54	9.4
7.05	2924	380	86.54	9.4
7.1	2945	378	86.54	9.4
7.15	2962	376	86.54	9.4
7.2	2982	373	86.54	9.4
7.25	3002	369	86.54	9.4
7.3	3018	366	86.54	9.4
7.35	3036	363	86.54	9.4
7.4	3054	361	86.5	9.4
7.45	3073	361	86.49	9.4
7.5	3089	361	86.54	9.4
7.55	3109	360	86.54	9.4
7.6	3127	358	86.54	9.4
7.65	3146	355	86.54	9.4
7.7	3161	351	86.54	9.4
7.75	3179	348	86.54	9.4
7.8	3196	346	86.54	9.4
7.85	3214	345	86.5	9.4
7.9	3231	342	86.54	9.4
7.95	3248	338	86.54	9.4
8	3266	334	86.54	9.4
8.05	3281	330	86.54	9.4
8.1	3297	327	86.54	9.4
8.15	3313	327	86.54	9.4
8.2	3328	328	86.54	9.4
8.25	3347	329	86.5	9.4
8.3	3364	329	86.5	9.4
8.35	3379	326	86.5	9.4
8.4	3396	322	86.54	9.4
8.45	3411	318	86.54	9.4
8.5	3428	314	86.5	9.4
8.55	3442	311	86.54	9.4
8.6	3457	310	86.5	9.4
8.65	3473	310	86.5	9.4
8.7	3489	310	86.54	9.4
8.75	3504	309	86.54	9.4
8.8	3520	307	86.5	9.4
8.85	3535	304	86.49	9.4
8.9	3551	300	86.49	9.4
8.95	3564	298	86.5	9.4
9	3578	295	86.54	9.4
9.05	3595	293	86.49	9.4
9.1	3609	292	86.49	9.4
9.15	3623	290	86.49	9.4
9.2	3638	287	86.49	9.4
9.25	3652	284	86.49	9.4
9.3	3665	281	86.5	9.4
9.35	3680	279	86.49	9.4
9.4	3694	278	86.5	9.4
9.45	3707	278	86.5	9.4
9.5	3720	278	86.5	9.4
9.55	3736	277	86.49	9.4
9.6	3749	275	86.5	9.4
9.65	3763	272	86.49	9.4
9.7	3777	268	86.49	9.4
9.75	3789	264	86.49	9.4
9.8	3802	261	86.49	9.4
9.85	3814	260	86.49	9.4
9.9	3829	259	86.49	9.4
9.95	3841	258	86.5	9.4
10	3854	256	86.49	9.4
10.05	3866	254	86.5	9.4
10.1	3880	253	86.49	9.4
10.15	3891	251	86.49	9.4
10.2	3905	250	86.49	9.4
10.25	3916	248	86.49	9.4
10.3	3929	245	86.49	9.4
10.35	3942	241	86.49	9.4
10.4	3953	239	86.49	9.4
10.45	3965	237	86.49	9.4
10.5	3975	236	86.49	9.4
10.55	3988	236	86.49	9.4
10.6	4000	236	86.49	9.4
10.65	4012	236	86.49	9.4
10.7	4025	234	86.49	9.4
10.75	4035	232	86.49	9.4
10.8	4046	230	86.49	9.4
10.85	4058	228	86.49	9.4
10.9	4070	226	86.49	9.4
10.95	4081	223	86.49	9.4
11	4092	220	86.49	9.4
11.05	4103	217	86.49	9.4
11.1	4112	215	86.49	9.4
11.15	4124	212	86.49	9.4
11.2	4135	210	86.49	9.4
11.25	4145	208	86.49	9.4
11.3	4155	206	86.49	9.4
11.35	4164	206	86.49	9.4
11.4	4175	206	86.49	9.4
11.45	4186	207	86.49	9.4
11.5	4196	207	86.49	9.4
11.55	4207	205	86.49	9.4
11.6	4217	203	86.49	9.4
11.65	4226	200	86.49	9.4
11.7	4237	198	86.49	9.4
11.75	4246	196	86.49	9.4
11.8	4256	195	86.49	9.4
11.85	4266	193	86.49	9.4
11.9	4275	192	86.49	9.4
11.95	4285	190	86.49	9.4
12	4294	187	86.49	9.4
12.05	4305	185	86.49	9.4
12.1	4311	183	86.49	9.4
12.15	4322	181	86.49	9.4
12.2	4330	179	86.49	9.4
12.25	4340	177	86.49	9.4
12.3	4348	174	86.49	9.4
12.35	4357	172	86.49	9.4
12.4	4365	170	86.49	9.4
12.45	4373	168	86.49	9.4
12.5	4382	167	86.49	9.4
12.55	4389	167	86.49	9.4
12.6	4399	166	86.49	9.4
12.65	4407	165	86.49	9.4
12.7	4414	163	86.49	9.4
12.75	4424	160	86.49	9.4
12.8	4431	158	86.49	9.4
12.85	4438	155	86.49	9.4
12.9	4447	152	86.49	9.4
12.95	4453	150	86.49	9.4
13	4461	149	86.49	9.4
13.05	4468	148	86.49	9.4
13.1	4476	148	86.49	9.4
13.15	4483	147	86.49	9.4
13.2	4491	146	86.49	9.4
13.25	4497	144	86.49	9.4
13.3	4505	142	86.49	9.4
13.35	4512	140	86.49	9.4
13.4	4519	137	86.49	9.4
13.45	4526	134	86.49	9.4
13.5	4532	132	86.49	9.4
13.55	4537	131	86.49	9.4
13.6	4545	130	86.49	9.4
13.65	4551	131	86.49	9.4
13.7	4558	131	86.49	9.4
13.75	4565	129	86.49	9.4
13.8	4571	127	86.49	9.4
13.85	4577	125	86.49	9.4
13.9	4583	122	86.49	9.4
13.95	4590	120	86.49	9.4
14	4594	118	86.49	9.4
14.05	4601	116	86.49	9.4
14.1	4607	115	86.49	9.4
14.15	4612	114	86.49	9.4
14.2	4617	113	86.49	9.4
14.25	4625	111	86.49	9.4
14.3	4629	109	86.49	9.4
14.35	4634	107	86.49	9.4
14.4	4639	105	86.49	9.4
14.45	4645	103	86.49	9.4
14.5	4650	103	86.49	9.4
14.55	4654	101	86.49	9.4
14.6	4660	100	86.49	9.4
14.65	4665	99	86.49	9.4
14.7	4670	97	86.49	9.4
14.75	4675	96	86.49	9.4
14.8	4678	94	86.49	9.4
14.85	4684	93	86.49	9.4
14.9	4688	91	86.49	9.4
14.95	4694	90	86.49	9.4
15	4697	87	86.49	9.4
15.05	4702	85	86.49	9.4
15.1	4705	83	86.49	9.4
15.15	4709	82	86.49	9.4
15.2	4714	81	86.49	9.4
15.25	4719	79	86.49	9.4
15.3	4721	77	86.49	9.4
15.35	4726	75	86.49	9.4
15.4	4728	73	86.49	9.4
15.45	4733	71	86.49	9.4
15.5	4736	69	86.49	9.4
15.55	4740	68	86.49	9.4
15.6	4742	67	86.49	9.4
15.65	4746	67	86.49	9.4
15.7	4749	66	86.49	9.4
15.75	4753	64	86.49	9.4
15.8	4756	62	86.49	9.4
15.85	4759	58	86.49	9.4
15.9	4763	55	86.49	9.4
15.95	4763	53	86.49	9.4
16	4765	53	86.49	9.4
16.05	4769	53	86.49	9.4
16.1	4774	53	86.49	9.4
16.15	4774	52	86.49	9.4
16.2	4777	49	86.49	9.4
16.25	4780	47	86.49	9.4
16.3	4781	45	86.49	9.4
16.35	4784	43	86.49	9.4
16.4	4786	42	86.49	9.4
16.45	4788	41	86.49	9.4
16.5	4790	40	86.49	9.4
16.55	4791	39	86.49	9.4
16.6	4794	38	86.49	9.4
16.65	4796	36	86.49	9.4
16.7	4797	33	86.49	9.4
16.75	4800	30	86.49	9.4
16.8	4800	29	86.49	9.4
16.85	4801	28	86.49	9.4
16.9	4802	28	86.49	9.4
16.95	4804	29	86.49	9.4
17	4806	29	86.49	9.4
17.05	4808	28	86.49	9.4
17.1	4808	26	86.49	9.4
17.15	4810	24	86.49	9.4
17.2	4811	21	86.49	9.4
17.25	4812	19	86.49	9.4
17.3	4812	17	86.49	9.4
17.35	4814	14	86.49	9.4
17.4	4814	13	86.49	9.4
17.45	4814	13	86.49	9.4
17.5	4815	14	86.49	9.4
17.55	3491	18	86.49	9.3
17.6	4815	20	86.58	9.3
17.65	4820	19	86.72	9.3
17.7	4820	17	86.9	9.4
17.75	4820	12	87.04	9.4
17.8	4821	7	87.19	9.4
17.85	4819	4	87.3	9.4
17.9	4820	3	87.39	9.4
17.95	4819	6	87.48	9.4
18	4820	10	87.55	9.4
18.05	4822	12	87.58	9.4
18.1	4823	12	87.64	9.4
18.15	4822	11	87.66	9.4
18.2	4824	8	87.67	9.4
18.25	4824	6	87.69	9.4
18.3	4823	4	87.73	9.4
18.35	4822	4	87.73	9.4
18.4	4825	2	87.75	9.4
18.45	4825	0	87.73	9.4
18.5	4824	-2	87.73	9.4
18.55	4823	-7	87.73	9.4
18.6	4825	-13	87.73	9.4
18.65	4821	-17	87.69	9.4
18.7	4821	-21	87.67	9.4
18.75	4821	-23	87.66	9.4
18.8	4818	-20	87.66	9.4
18.85	4815	-15	87.66	9.4
18.9	4815	-9	87.66	9.4
18.95	4818	-3	87.64	9.4
19	4819	0	87.64	9.4
19.05	4817	0	87.62	9.4
19.1	4817	-4	87.62	9.4
19.15	4817	-11	87.58	9.4
19.2	4818	-18	87.58	9.4
19.25	4814	-28	87.57	9.4
19.3	4816	-43	87.57	9.4
19.35	4810	-56	87.57	9.4
19.4	4806	-65	87.55	9.4
19.45	4805	-72	87.53	9.4
19.5	4804	-61	87.53	9.4
19.55	4800	-51	87.53	9.4
19.6	4799	-43	87.49	9.4
19.65	4797	-35	87.49	9.4
19.7	4791	-36	87.48	9.4
19.75	4786	-36	87.49	9.4
19.8	4782	-36	87.48	9.4
19.85	4779	-37	87.48	9.4
19.9	4777	-38	87.48	9.4
19.95	4774	-39	87.48	9.4
20	4775	-40	87.48	9.4
20.05	4774	-41	87.42	9.4
20.1	4774	-42	87.4	9.4
20.15	4780	-43	87.42	9.4
20.2	4774	-43	87.42	9.4
20.25	4773	-44	87.4	9.4
20.3	4770	-45	87.42	9.4
20.35	4771	-46	87.4	9.4
20.4	4765	-47	87.39	9.4
20.45	4763	-48	87.4	9.4
20.5	4762	-50	87.39	9.4
20.55	4755	-52	87.39	9.4
20.6	4752	-53	87.39	9.4
20.65	4750	-54	87.39	9.4
20.7	4751	-54	87.39	9.4
20.75	4749	-53	87.39	9.4
20.8	4744	-52	87.39	9.4
20.85	4741	-51	87.39	9.4
20.9	4740	-50	87.39	9.4
20.95	4742	-49	87.39	9.4
21	4740	-50	87.39	9.4
21.05	4737	-51	87.39	9.4
21.1	4730	-52	87.39	9.4
21.15	4734	-53	87.39	9.4
21.2	4729	-53	87.39	9.4
21.25	4730	-53	87.39	9.4
21.3	4721	-53	87.39	9.4
21.35	4714	-53	87.39	9.4
21.4	4710	-54	87.39	9.4
21.45	4708	-54	87.39	9.4
21.5	4700	-55	87.39	9.4
21.55	4694	-56	87.39	9.4
21.6	4689	-57	87.39	9.4
21.65	4683	-59	87.39	9.4
21.7	4681	-60	87.39	9.4
21.75	4683	-61	87.37	9.4
21.8	4682	-61	87.39	9.4
21.85	4678	-61	87.39	9.4
21.9	4683	-61	87.39	9.4
21.95	4679	-60	87.39	9.4
22	4676	-59	87.37	9.4
22.05	4673	-58	87.37	9.4
22.1	4671	-57	87.39	9.4
22.15	4671	-56	87.37	9.4
22.2	4671	-55	87.35	9.4
22.25	4667	-54	87.37	9.4
22.3	4667	-53	87.37	9.4
22.35	4662	-51	87.39	9.4
22.4	4656	-49	87.39	9.4
22.45	4653	-46	87.37	9.4
22.5	4650	-44	87.35	9.4
22.55	4642	-43	87.37	9.4
22.6	4635	-42	87.35	9.4
22.65	4632	-43	87.35	9.4
22.7	4626	-46	87.35	9.4
22.75	4624	-49	87.35	9.4
22.8	4622	-52	87.31	9.4
22.85	4621	-53	87.35	9.4
22.9	4624	-53	87.35	9.4
22.95	4625	-52	87.35	9.4
23	4625	-51	87.3	9.4
23.05	4623	-51	87.3	9.4
23.1	4624	-52	87.3	9.4
23.15	4619	-52	87.31	9.4
23.2	4621	-53	87.3	9.4
23.25	4617	-54	87.3	9.4
23.3	4614	-54	87.3	9.4
23.35	4616	-54	87.3	9.4
23.4	4615	-53	87.31	9.4
23.45	4618	-53	87.3	9.4
23.5	4613	-52	87.31	9.4
23.55	4610	-51	87.3	9.4
23.6	4603	-50	87.3	9.4
23.65	4600	-50	87.31	9.4
23.7	4595	-49	87.35	9.4
23.75	4550	-50	87.3	9.4
23.8	4577	-50	87.3	9.4
23.85	4583	-51	87.3	9.4
23.9	4579	-52	87.31	9.4
23.95	4578	-53	87.35	9.4
24	4573	-53	87.35	9.4
24.05	4573	-55	87.35	9.4
24.1	4571	-57	87.37	9.4
24.15	4564	-60	87.39	9.4
24.2	4562	-63	87.39	9.4
24.25	4556	-67	87.39	9.4
24.3	4559	-71	87.39	9.4
24.35	4556	-76	87.39	9.4
24.4	4548	-80	87.39	9.4
24.45	4545	-83	87.39	9.4
24.5	4540	-85	87.39	9.4
24.55	4540	-85	87.39	9.4
24.6	4537	-82	87.4	9.4
24.65	4532	-78	87.39	9.4
24.7	4526	-74	87.42	9.4
24.75	4524	-70	87.4	9.4
24.8	4521	-69	87.42	9.4
24.85	4526	-70	87.42	9.4
24.9	4518	-71	87.42	9.4
24.95	4522	-74	87.46	9.4
25	4518	-75	87.46	9.4
25.05	4518	-75	87.48	9.4
25.1	4506	-75	87.48	9.4
25.15	4493	-75	87.49	9.4
25.2	4485	-75	87.49	9.4
25.25	4477	-74	87.49	9.4
25.3	4473	-74	87.49	9.4
25.35	4458	-74	87.55	9.4
25.4	4446	-74	87.57	9.4
25.45	4443	-73	87.57	9.4
25.5	4440	-73	87.58	9.4
25.55	4439	-72	87.62	9.4
25.6	4437	-72	87.64	9.4
25.65	4443	-71	87.64	9.4
25.7	4448	-71	87.64	9.4
25.75	4447	-70	87.64	9.4
25.8	4441	-71	87.66	9.4
25.85	4438	-72	87.66	9.4
25.9	4433	-75	87.66	9.4
25.95	4428	-77	87.67	9.4
26	4426	-79	87.67	9.4
26.05	4421	-80	87.67	9.4
26.1	4419	-79	87.66	9.4
26.15	4417	-77	87.66	9.4
26.2	4416	-75	87.66	9.4
26.25	4411	-73	87.66	9.4
26.3	4408	-70	87.66	9.4
26.35	4406	-67	87.66	9.4
26.4	4404	-64	87.66	9.4
26.45	4398	-62	87.66	9.4
26.5	4401	-60	87.66	9.4
26.55	4392	-60	87.66	9.4
26.6	4392	-61	87.66	9.4
26.65	4385	-62	87.66	9.4
26.7	4393	-63	87.66	9.4
26.75	4391	-64	87.66	9.4
26.8	4382	-64	87.66	9.4
26.85	4375	-64	87.64	9.4
26.9	4368	-64	87.64	9.4
26.95	4362	-64	87.64	9.4
27	4355	-64	87.64	9.4
27.05	4349	-64	87.64	9.4
27.1	4344	-65	87.64	9.4
27.15	4339	-66	87.64	9.4
27.2	4335	-66	87.64	9.4
27.25	4331	-67	87.64	9.4
27.3	4327	-67	87.64	9.4
27.35	4326	-67	87.62	9.4
27.4	4325	-66	87.62	9.4
27.45	4326	-66	87.58	9.4
27.5	4324	-66	87.58	9.4
27.55	4323	-66	87.62	9.4
27.6	4322	-66	87.58	9.4
27.65	4320	-66	87.58	9.4
27.7	4319	-66	87.58	9.4
27.75	4317	-65	87.58	9.4
27.8	4316	-64	87.62	9.4
27.85	4309	-62	87.58	9.4
27.9	4305	-60	87.58	9.4
27.95	4301	-58	87.58	9.4
28	4295	-57	87.58	9.4
28.05	4296	-56	87.58	9.4
28.1	4286	-56	87.58	9.4
28.15	4287	-55	87.58	9.4
28.2	4280	-54	87.58	9.4
28.25	4279	-54	87.58	9.4
28.3	4274	-54	87.62	9.4
28.35	4275	-54	87.58	9.4
28.4	4271	-55	87.58	9.4
28.45	4268	-57	87.58	9.4
28.5	4268	-58	87.58	9.4
28.55	4263	-58	87.58	9.4
28.6	4261	-59	87.58	9.4
28.65	4257	-60	87.58	9.4
28.7	4259	-62	87.57	9.4
28.75	4258	-63	87.58	9.4
28.8	4255	-64	87.58	9.4
28.85	4253	-65	87.58	9.4
28.9	4249	-64	87.57	9.4
28.95	4246	-63	87.58	9.4
29	4243	-61	87.58	9.4
29.05	4234	-60	87.57	9.4
29.1	4227	-58	87.58	9.4
29.15	4228	-57	87.57	9.4
29.2	4230	-56	87.57	9.4
29.25	4228	-56	87.58	9.4
29.3	4217	-57	87.58	9.4
29.35	4220	-58	87.57	9.4
29.4	4214	-59	87.57	9.4
29.45	4209	-60	87.57	9.4
29.5	4209	-60	87.57	9.4
29.55	4210	-61	87.58	9.4
29.6	4204	-62	87.57	9.4
29.65	4202	-63	87.57	9.4
29.7	4192	-63	87.57	9.4
29.75	4184	-64	87.57	9.4
29.8	4180	-64	87.57	9.4
29.85	4180	-64	87.58	9.4
29.9	4180	-64	87.57	9.4
29.95	4178	-62	87.57	9.4
30	4174	-61	87.58	9.4
30.05	4175	-60	87.57	9.4
30.1	4176	-60	87.58	9.4
30.15	4176	-61	87.58	9.4
30.2	4170	-63	87.58	9.4
30.25	4164	-64	87.58	9.4
30.3	4158	-65	87.58	9.4
30.35	4159	-64	87.58	9.4
30.4	4154	-64	87.58	9.4
30.45	4146	-64	87.58	9.4
30.5	4146	-65	87.58	9.4
30.55	4140	-68	87.58	9.4
30.6	4136	-70	87.58	9.4
30.65	4137	-72	87.58	9.4
30.7	4129	-73	87.58	9.4
30.75	4132	-73	87.58	9.4
30.8	4128	-73	87.62	9.4
30.85	4124	-73	87.62	9.4
30.9	4120	-73	87.64	9.4
30.95	4123	-73	87.62	9.4
31	4120	-73	87.62	9.4
31.05	4119	-74	87.64	9.4
31.1	4111	-76	87.64	9.4
31.15	4100	-77	87.64	9.4
31.2	4097	-78	87.58	9.4
31.25	4092	-79	87.62	9.4
31.3	4092	-80	87.64	9.4
31.35	4092	-80	87.62	9.4
31.4	4089	-79	87.62	9.4
31.45	4088	-79	87.62	9.4
31.5	4075	-78	87.64	9.4
31.55	4065	-77	87.62	9.4
31.6	4059	-76	87.62	9.4
31.65	4048	-75	87.64	9.4
31.7	4041	-75	87.64	9.4
31.75	4039	-76	87.64	9.4
31.8	4037	-77	87.64	9.4
31.85	4037	-78	87.64	9.4
31.9	4034	-79	87.62	9.4
31.95	4034	-81	87.64	9.4
32	4035	-81	87.64	9.4
32.05	4029	-82	87.62	9.4
32.1	4022	-81	87.64	9.4
32.15	4015	-80	87.64	9.4
32.2	4009	-80	87.64	9.4
32.25	4004	-80	87.64	9.4
32.3	4000	-80	87.64	9.4
32.35	3998	-81	87.64	9.4
32.4	3994	-80	87.64	9.4
32.45	3991	-78	87.64	9.4
32.5	3992	-75	87.62	9.4
32.55	3989	-71	87.64	9.4
32.6	3990	-68	87.62	9.4
32.65	3988	-65	87.64	9.4
32.7	3983	-63	87.62	9.4
32.75	3978	-63	87.62	9.4
32.8	3974	-63	87.64	9.4
32.85	3967	-63	87.64	9.4
32.9	3964	-64	87.58	9.4
32.95	3959	-66	87.64	9.4
33	3955	-67	87.62	9.4
33.05	3951	-69	87.62	9.4
33.1	3947	-69	87.62	9.4
33.15	3943	-69	87.62	9.4
33.2	3937	-68	87.64	9.4
33.25	3935	-66	87.58	9.4
33.3	3931	-64	87.62	9.4
33.35	3931	-63	87.58	9.4
33.4	3930	-62	87.58	9.4
33.45	3930	-62	87.58	9.4
33.5	3929	-63	87.58	9.4
33.55	3925	-64	87.57	9.4
33.6	3923	-65	87.57	9.4
33.65	3925	-66	87.58	9.4
33.7	3917	-65	87.58	9.4
33.75	3915	-65	87.58	9.4
33.8	3914	-64	87.57	9.4
33.85	3911	-63	87.57	9.4
33.9	3906	-62	87.57	9.4
33.95	3904	-61	87.57	9.4
34	3891	-59	87.57	9.4
34.05	3884	-59	87.57	9.4
34.1	3879	-58	87.55	9.4
34.15	3874	-59	87.57	9.4
34.2	3873	-60	87.57	9.4
34.25	3874	-61	87.57	9.4
34.3	3879	-63	87.57	9.4
34.35	3879	-65	87.57	9.4
34.4	3873	-67	87.57	9.4
34.45	3866	-69	87.57	9.4
34.5	3864	-71	87.57	9.4
34.55	3862	-72	87.57	9.4
34.6	3857	-73	87.55	9.4
34.65	3855	-74	87.57	9.4
34.7	3854	-75	87.57	9.4
34.75	3846	-75	87.57	9.4
34.8	3845	-76	87.57	9.4
34.85	3840	-75	87.55	9.4
34.9	3841	-75	87.55	9.4
34.95	3841	-74	87.55	9.4
35	3839	-72	87.53	9.4
35.05	3836	-70	87.53	9.4
35.1	3828	-69	87.53	9.4
35.15	3822	-69	87.53	9.4
35.2	3816	-69	87.53	9.4
35.25	3809	-70	87.53	9.4
35.3	3803	-70	87.53	9.4
35.35	3799	-70	87.53	9.4
35.4	3794	-69	87.53	9.4
35.45	3789	-67	87.53	9.4
35.5	3785	-66	87.53	9.4
35.55	3781	-66	87.53	9.4
35.6	3777	-65	87.53	9.4
35.65	3774	-65	87.53	9.4
35.7	3769	-66	87.53	9.4
35.75	3765	-66	87.53	9.4
35.8	3762	-67	87.53	9.4
35.85	3759	-68	87.53	9.4
35.9	3756	-69	87.53	9.4
35.95	3753	-71	87.53	9.4
36	3749	-72	87.53	9.4
36.05	3744	-73	87.53	9.4
36.1	3742	-73	87.49	9.4
36.15	3740	-72	87.49	9.4
36.2	3738	-71	87.53	9.4
36.25	3737	-70	87.53	9.4
36.3	3739	-69	87.53	9.4
36.35	3740	-68	87.53	9.4
36.4	3738	-67	87.49	9.4
36.45	3734	-67	87.53	9.4
36.5	3734	-66	87.53	9.4
36.55	3733	-65	87.53	9.4
36.6	3729	-65	87.53	9.4
36.65	3724	-65	87.53	9.4
36.7	3718	-64	87.49	9.4
36.75	3714	-64	87.53	9.4
36.8	3712	-64	87.49	9.4
36.85	3706	-64	87.49	9.4
36.9	3701	-63	87.49	9.4
36.95	3694	-62	87.53	9.4
37	3692	-62	87.49	9.4
37.05	3685	-61	87.53	9.4
37.1	3682	-60	87.53	9.4
37.15	3678	-60	87.49	9.4
37.2	3673	-61	87.49	9.4
37.25	3668	-63	87.53	9.4
37.3	3667	-66	87.49	9.4
37.35	3663	-69	87.49	9.4
37.4	3660	-72	87.53	9.4
37.45	3656	-75	87.49	9.4
37.5	3654	-76	87.49	9.4
37.55	3651	-77	87.49	9.4
37.6	3647	-78	87.49	9.4
37.65	3645	-77	87.49	9.4
37.7	3641	-76	87.49	9.4
37.75	3636	-75	87.49	9.4
37.8	3635	-74	87.49	9.4
37.85	3633	-73	87.49	9.4
37.9	3630	-72	87.53	9.4
37.95	3628	-71	87.49	9.4
38	3626	-71	87.49	9.4
38.05	3626	-70	87.49	9.4
38.1	3625	-70	87.49	9.4
38.15	3621	-70	87.49	9.4
38.2	3617	-70	87.49	9.4
38.25	3611	-70	87.49	9.4
38.3	3601	-70	87.49	9.4
38.35	3596	-69	87.49	9.4
38.4	3587	-69	87.49	9.4
38.45	3584	-67	87.49	9.4
38.5	3579	-66	87.49	9.4
38.55	3575	-63	87.49	9.4
38.6	3572	-61	87.49	9.4
38.65	3571	-60	87.49	9.4
38.7	3568	-59	87.49	9.4
38.75	3566	-59	87.49	9.4
38.8	3564	-60	87.49	9.4
38.85	3560	-62	87.49	9.4
38.9	3556	-65	87.49	9.4
38.95	3554	-67	87.48	9.4
39	3548	-70	87.48	9.4
39.05	3548	-73	87.48	9.4
39.1	3542	-75	87.49	9.4
39.15	3537	-77	87.49	9.4
39.2	3533	-77	87.49	9.4
39.25	3530	-77	87.48	9.4
39.3	3526	-75	87.48	9.4
39.35	3525	-74	87.48	9.4
39.4	3525	-72	87.48	9.4
39.45	3523	-71	87.49	9.4
39.5	3527	-69	87.48	9.4
39.55	3529	-68	87.48	9.4
39.6	3532	-68	87.48	9.4
39.65	3529	-67	87.48	9.4
39.7	3524	-65	87.48	9.4
39.75	3519	-64	87.48	9.4
39.8	3512	-62	87.48	9.4
39.85	3504	-60	87.48	9.4
39.9	3497	-58	87.48	9.4
39.95	3491	-57	87.48	9.4
40	3482	-57	87.48	9.4
40.05	3476	-57	87.48	9.4
40.1	3470	-57	87.48	9.4
40.15	3463	-56	87.48	9.4
40.2	3459	-57	87.48	9.4
40.25	3454	-57	87.48	9.4
40.3	3451	-58	87.48	9.4
40.35	3448	-59	87.48	9.4
40.4	3446	-60	87.48	9.4
40.45	3444	-62	87.48	9.4
40.5	3443	-66	87.48	9.4
40.55	3440	-69	87.48	9.4
40.6	3440	-73	87.48	9.4
40.65	3440	-76	87.48	9.4
40.7	3439	-78	87.48	9.4
40.75	3441	-79	87.48	9.4
40.8	3445	-79	87.48	9.4
40.85	3447	-79	87.48	9.4
40.9	3443	-77	87.48	9.4
40.95	3439	-75	87.48	9.4
41	3434	-72	87.48	9.4
41.05	3433	-69	87.48	9.4
41.1	3428	-66	87.48	9.4
41.15	3424	-63	87.48	9.4
41.2	3418	-60	87.48	9.4
41.25	3416	-58	87.48	9.4
41.3	3410	-57	87.48	9.4
41.35	3409	-57	87.46	9.4
41.4	3407	-59	87.48	9.4
41.45	3401	-61	87.46	9.4
41.5	3393	-65	87.48	9.4
41.55	3385	-68	87.48	9.4
41.6	3378	-71	87.48	9.4
41.65	3370	-73	87.48	9.4
41.7	3361	-75	87.46	9.4
41.75	3354	-75	87.48	9.4
41.8	3348	-75	87.48	9.4
41.85	3347	-75	87.48	9.4
41.9	3344	-75	87.46	9.4
41.95	3341	-74	87.48	9.4
42	3341	-74	87.46	9.4
42.05	3340	-74	87.48	9.4
42.1	3342	-74	87.48	9.4
42.15	3343	-74	87.48	9.4
42.2	3344	-75	87.48	9.4
42.25	3343	-75	87.48	9.4
42.3	3338	-75	87.48	9.4
42.35	3336	-76	87.42	9.4
42.4	3328	-76	87.46	9.4
42.45	3317	-75	87.48	9.4
42.5	3307	-74	87.42	9.4
42.55	3297	-73	87.46	9.4
42.6	3294	-71	87.42	9.4
42.65	3290	-70	87.46	9.4
42.7	3296	-68	87.42	9.4
42.75	3300	-67	87.46	9.4
42.8	3299	-67	87.42	9.4
42.85	3296	-67	87.42	9.4
42.9	3294	-68	87.42	9.4
42.95	3290	-69	87.42	9.4
43	3292	-69	87.42	9.4
43.05	3285	-70	87.42	9.4
43.1	3280	-71	87.42	9.4
43.15	3272	-72	87.42	9.4
43.2	3266	-72	87.46	9.4
43.25	3267	-71	87.42	9.4
43.3	3262	-68	87.42	9.4
43.35	3254	-65	87.42	9.4
43.4	3252	-61	87.42	9.4
43.45	3248	-57	87.42	9.4
43.5	3244	-53	87.42	9.4
43.55	3239	-50	87.42	9.4
43.6	3234	-49	87.42	9.4
43.65	3228	-49	87.46	9.4
43.7	3226	-51	87.42	9.4
43.75	3220	-54	87.42	9.4
43.8	3215	-56	87.42	9.4
43.85	3212	-57	87.42	9.4
43.9	3207	-57	87.42	9.4
43.95	3205	-57	87.42	9.4
44	3204	-57	87.42	9.4
44.05	3203	-56	87.42	9.4
44.1	3203	-55	87.4	9.4
44.15	3199	-54	87.42	9.4
44.2	3199	-53	87.4	9.4
44.25	3203	-53	87.4	9.4
44.3	3208	-52	87.4	9.4
44.35	3209	-50	87.4	9.4
44.4	3205	-49	87.42	9.4
44.45	3207	-48	87.4	9.4
44.5	3203	-47	87.39	9.4
44.55	3202	-46	87.39	9.4
44.6	3203	-45	87.39	9.4
44.65	3197	-44	87.39	9.4
44.7	3189	-44	87.39	9.4
44.75	3187	-43	87.39	9.4
44.8	3183	-43	87.39	9.4
44.85	3181	-44	87.39	9.4
44.9	3181	-45	87.39	9.4
44.95	3177	-47	87.39	9.4
45	3179	-49	87.39	9.4
45.05	3172	-52	87.39	9.4
45.1	3167	-55	87.39	9.4
45.15	3163	-58	87.39	9.4
45.2	3161	-62	87.39	9.4
45.25	3161	-67	87.39	9.4
45.3	3160	-72	87.39	9.4
45.35	3153	-75	87.39	9.4
45.4	3153	-76	87.39	9.4
45.45	3153	-77	87.39	9.4
45.5	3153	-77	87.39	9.4
45.55	3145	-76	87.39	9.4
45.6	3144	-76	87.39	9.4
45.65	3139	-75	87.39	9.4
45.7	3136	-75	87.39	9.4
45.75	3134	-74	87.39	9.4
45.8	3125	-74	87.39	9.4
45.85	3123	-74	87.39	9.4
45.9	3117	-74	87.39	9.4
45.95	3108	-74	87.39	9.4
46	3101	-75	87.39	9.4
46.05	3096	-75	87.39	9.4
46.1	3092	-75	87.39	9.4
46.15	3080	-76	87.39	9.4
46.2	3072	-77	87.39	9.4
46.25	3063	-77	87.39	9.4
46.3	3057	-77	87.39	9.4
46.35	3053	-75	87.39	9.4
46.4	3054	-74	87.39	9.4
46.45	3055	-72	87.39	9.4
46.5	3056	-70	87.39	9.4
46.55	3052	-69	87.39	9.4
46.6	3049	-67	87.39	9.4
46.65	3045	-66	87.39	9.4
46.7	3042	-65	87.39	9.4
46.75	3041	-64	87.39	9.4
46.8	3036	-64	87.39	9.4
46.85	3037	-65	87.39	9.4
46.9	3038	-66	87.39	9.4
46.95	3030	-66	87.39	9.4
47	3025	-66	87.39	9.4
47.05	3022	-65	87.39	9.4
47.1	3015	-63	87.39	9.4
47.15	3012	-60	87.39	9.4
47.2	3008	-57	87.39	9.4
47.25	3006	-55	87.39	9.4
47.3	3007	-55	87.39	9.4
47.35	3009	-55	87.39	9.4
47.4	3012	-57	87.37	9.4
47.45	3013	-59	87.35	9.4
47.5	3013	-61	87.37	9.4
47.55	3017	-63	87.35	9.4
47.6	3009	-64	87.37	9.4
47.65	3009	-64	87.35	9.4
47.7	3009	-63	87.35	9.4
47.75	3006	-62	87.35	9.4
47.8	2999	-62	87.35	9.4
47.85	2983	-62	87.35	9.4
47.9	2975	-61	87.35	9.4
47.95	2975	-60	87.35	9.4
48	2967	-59	87.35	9.4
48.05	2963	-57	87.35	9.4
48.1	2963	-56	87.35	9.4
48.15	2963	-55	87.35	9.4
48.2	2962	-54	87.35	9.4
48.25	2951	-55	87.35	9.4
48.3	2950	-56	87.35	9.4
48.35	2943	-57	87.31	9.4
48.4	2944	-59	87.35	9.4
48.45	2936	-61	87.31	9.4
48.5	2924	-62	87.31	9.4
48.55	2918	-64	87.35	9.4
48.6	2917	-65	87.35	9.4
48.65	2920	-67	87.35	9.4
48.7	2925	-67	87.35	9.4
48.75	2922	-66	87.35	9.4
48.8	2913	-65	87.35	9.4
48.85	2911	-62	87.35	9.4
48.9	2911	-60	87.35	9.4
48.95	2912	-59	87.35	9.4
49	2912	-59	87.35	9.4
49.05	2909	-59	87.31	9.4
49.1	2905	-59	87.35	9.4
49.15	2903	-59	87.35	9.4
49.2	2902	-58	87.31	9.4
49.25	2902	-56	87.31	9.4
49.3	2900	-54	87.3	9.4
49.35	2893	-52	87.3	9.4
49.4	2892	-51	87.3	9.4
49.45	2895	-50	87.3	9.4
49.5	2890	-49	87.3	9.4
49.55	2887	-50	87.3	9.4
49.6	2876	-52	87.3	9.4
49.65	2875	-54	87.28	9.4
49.7	2870	-56	87.3	9.4
49.75	2866	-56	87.28	9.4
49.8	2869	-55	87.28	9.4
49.85	2864	-53	87.3	9.4
49.9	2858	-53	87.28	9.4
49.95	2853	-53	87.28	9.4
50	2853	-54	87.3	9.4
50.05	2846	-56	87.28	9.4
50.1	2843	-58	87.3	9.4
50.15	2847	-59	87.3	9.4
50.2	2842	-60	87.28	9.4
50.25	2843	-61	87.28	9.4
50.3	2848	-61	87.3	9.4
50.35	2845	-62	87.28	9.4
50.4	2835	-64	87.3	9.4
50.45	2836	-66	87.3	9.4
50.5	2825	-67	87.3	9.4
50.55	2816	-67	87.3	9.4
50.6	2815	-66	87.3	9.4
50.65	2809	-65	87.3	9.4
50.7	2802	-65	87.28	9.4
50.75	2808	-64	87.3	9.4
50.8	2814	-64	87.28	9.4
50.85	2812	-63	87.28	9.4
50.9	2809	-62	87.28	9.4
50.95	2806	-60	87.3	9.4
51	2800	-59	87.3	9.4
51.05	2794	-58	87.3	9.4
51.1	2784	-57	87.3	9.4
51.15	2781	-58	87.3	9.4
51.2	2784	-59	87.28	9.4
51.25	2781	-60	87.3	9.4
51.3	2777	-61	87.28	9.4
51.35	2772	-62	87.28	9.4
51.4	2761	-62	87.3	9.4
51.45	2755	-62	87.28	9.4
51.5	2750	-62	87.3	9.4
51.55	2750	-62	87.28	9.4
51.6	2749	-63	87.28	9.4
51.65	2746	-64	87.3	9.4
51.7	2740	-66	87.3	9.4
51.75	2741	-68	87.3	9.4
51.8	2740	-69	87.3	9.4
51.85	2739	-69	87.28	9.4
51.9	2737	-68	87.3	9.4
51.95	2737	-65	87.3	9.4
52	2736	-62	87.28	9.4
52.05	2735	-59	87.28	9.4
52.1	2736	-57	87.28	9.4
52.15	2731	-57	87.28	9.4
52.2	2727	-58	87.28	9.4
52.25	2723	-60	87.28	9.4
52.3	2720	-62	87.3	9.4
52.35	2716	-63	87.3	9.4
52.4	2713	-64	87.28	9.4
52.45	2708	-65	87.28	9.4
52.5	2700	-67	87.28	9.4
52.55	2691	-68	87.28	9.4
52.6	2684	-68	87.28	9.4
52.65	2678	-69	87.28	9.4
52.7	2674	-69	87.28	9.4
52.75	2672	-70	87.28	9.4
52.8	2673	-71	87.3	9.4
52.85	2674	-72	87.28	9.4
52.9	2677	-74	87.28	9.4
52.95	2680	-75	87.28	9.4
53	2682	-76	87.28	9.4
53.05	2682	-78	87.28	9.4
53.1	2677	-78	87.28	9.4
53.15	2668	-78	87.28	9.4
53.2	2661	-78	87.28	9.4
53.25	2655	-78	87.28	9.4
53.3	2651	-78	87.28	9.4
53.35	2637	-78	87.28	9.4
53.4	2627	-77	87.28	9.4
53.45	2621	-76	87.28	9.4
53.5	2616	-74	87.28	9.4
53.55	2613	-72	87.28	9.4
53.6	2611	-70	87.28	9.4
53.65	2609	-69	87.26	9.4
53.7	2606	-69	87.26	9.4
53.75	2602	-69	87.28	9.4
53.8	2598	-69	87.28	9.4
53.85	2593	-70	87.28	9.4
53.9	2591	-71	87.26	9.4
53.95	2586	-72	87.28	9.4
54	2584	-72	87.26	9.4
54.05	2580	-72	87.28	9.4
54.1	2577	-72	87.26	9.4
54.15	2575	-73	87.26	9.4
54.2	2571	-74	87.26	9.4
54.25	2567	-74	87.26	9.4
54.3	2563	-73	87.28	9.4
54.35	2561	-71	87.26	9.4
54.4	2560	-69	87.26	9.4
54.45	2554	-67	87.26	9.4
54.5	2553	-64	87.26	9.4
54.55	2548	-62	87.26	9.4
54.6	2545	-61	87.26	9.4
54.65	2542	-59	87.26	9.4
54.7	2540	-58	87.26	9.4
54.75	2538	-58	87.26	9.4
54.8	2537	-58	87.26	9.4
54.85	2536	-58	87.26	9.4
54.9	2540	-59	87.26	9.4
54.95	2541	-60	87.22	9.4
55	2542	-60	87.26	9.4
55.05	2536	-59	87.26	9.4
55.1	2529	-58	87.22	9.4
55.15	2517	-56	87.26	9.4
55.2	2508	-54	87.22	9.4
55.25	2501	-51	87.22	9.4
55.3	2499	-50	87.21	9.4
55.35	2493	-48	87.22	9.4
55.4	2492	-48	87.22	9.4
55.45	2491	-47	87.22	9.4
55.5	2492	-46	87.21	9.4
55.55	2493	-46	87.22	9.4
55.6	2495	-46	87.21	9.4
55.65	2494	-47	87.21	9.4
55.7	2490	-49	87.21	9.4
55.75	2485	-52	87.21	9.4
55.8	2482	-55	87.21	9.4
55.85	2476	-58	87.21	9.4
55.9	2469	-61	87.21	9.4
55.95	2463	-62	87.21	9.4
56	2462	-63	87.21	9.4
56.05	2466	-62	87.21	9.4
56.1	2463	-60	87.21	9.4
56.15	2465	-57	87.21	9.4
56.2	2469	-54	87.21	9.4
56.25	2471	-52	87.21	9.4
56.3	2469	-51	87.21	9.4
56.35	2464	-50	87.21	9.4
56.4	2463	-51	87.21	9.4
56.45	2461	-52	87.19	9.4
56.5	2462	-53	87.21	9.4
56.55	2457	-55	87.19	9.4
56.6	2455	-57	87.19	9.4
56.65	2447	-58	87.21	9.4
56.7	2439	-58	87.19	9.4
56.75	2426	-58	87.19	9.4
56.8	2419	-58	87.19	9.4
56.85	2420	-58	87.19	9.4
56.9	2419	-58	87.19	9.4
56.95	2414	-59	87.19	9.4
57	2411	-61	87.19	9.4
57.05	2408	-63	87.19	9.4
57.1	2408	-65	87.19	9.4
57.15	2407	-68	87.19	9.4
57.2	2403	-70	87.19	9.4
57.25	2398	-72	87.19	9.4
57.3	2397	-73	87.19	9.4
57.35	2398	-75	87.17	9.4
57.4	2391	-76	87.19	9.4
57.45	2388	-78	87.19	9.4
57.5	2385	-79	87.17	9.4
57.55	2383	-80	87.17	9.4
57.6	2378	-80	87.17	9.4
57.65	2376	-78	87.17	9.4
57.7	2372	-76	87.17	9.4
57.75	2370	-73	87.17	9.4
57.8	2365	-70	87.17	9.4
57.85	2356	-70	87.17	9.4
57.9	2350	-70	87.17	9.4
57.95	2343	-71	87.17	9.4
58	2342	-73	87.17	9.4
58.05	2337	-74	87.17	9.4
58.1	2336	-75	87.17	9.4
58.15	2332	-75	87.17	9.4
58.2	2324	-76	87.17	9.4
58.25	2326	-76	87.17	9.4
58.3	2321	-76	87.17	9.4
58.35	2318	-74	87.17	9.4
58.4	2311	-72	87.13	9.4
58.45	2302	-70	87.17	9.4
58.5	2299	-67	87.17	9.4
58.55	2293	-65	87.17	9.4
58.6	2290	-64	87.13	9.4
58.65	2288	-64	87.13	9.4
58.7	2289	-65	87.17	9.4
58.75	2292	-65	87.12	9.4
58.8	2286	-66	87.13	9.4
58.85	2280	-67	87.12	9.4
58.9	2274	-68	87.13	9.4
58.95	2269	-68	87.12	9.4
59	2266	-69	87.12	9.4
59.05	2263	-69	87.12	9.4
59.1	2258	-69	87.12	9.4
59.15	2252	-69	87.12	9.4
59.2	2250	-69	87.12	9.4
59.25	2249	-68	87.12	9.4
59.3	2247	-67	87.12	9.4
59.35	2248	-65	87.12	9.4
59.4	2254	-64	87.12	9.4
59.45	2256	-61	87.12	9.4
59.5	2257	-59	87.12	9.4
59.55	2255	-58	87.12	9.4
59.6	2252	-57	87.1	9.4
59.65	2249	-56	87.12	9.4
59.7	2241	-57	87.12	9.4
59.75	2235	-57	87.12	9.4
59.8	2226	-57	87.1	9.4
59.85	2218	-57	87.12	9.4
59.9	2211	-56	87.1	9.4
59.95	2206	-56	87.1	9.4
60	2204	-55	87.1	9.4
60.05	2200	-54	87.1	9.4
60.1	2196	-53	87.12	9.4
60.15	2193	-53	87.1	9.4
60.2	2190	-53	87.1	9.4
60.25	2188	-54	87.12	9.4
60.3	2189	-56	87.1	9.4
60.35	2187	-60	87.1	9.4
60.4	2184	-63	87.12	9.4
60.45	2182	-67	87.12	9.4
60.5	2182	-69	87.1	9.4
60.55	2181	-71	87.1	9.4
60.6	2182	-71	87.1	9.4
60.65	2180	-69	87.1	9.4
60.7	2176	-65	87.1	9.4
60.75	2173	-61	87.1	9.4
60.8	2170	-56	87.1	9.4
60.85	2166	-52	87.1	9.4
60.9	2159	-50	87.1	9.4
60.95	2156	-50	87.1	9.4
61	2159	-50	87.1	9.4
61.05	2156	-51	87.1	9.4
61.1	2153	-51	87.1	9.4
61.15	2148	-50	87.1	9.4
61.2	2144	-49	87.1	9.4
61.25	2141	-48	87.1	9.4
61.3	2136	-47	87.1	9.4
61.35	2128	-47	87.1	9.4
61.4	2124	-47	87.1	9.4
61.45	2118	-48	87.1	9.4
61.5	2114	-49	87.1	9.4
61.55	2109	-52	87.1	9.4
61.6	2109	-55	87.1	9.4
61.65	2112	-58	87.1	9.4
61.7	2115	-61	87.08	9.4
61.75	2120	-64	87.08	9.4
61.8	2122	-66	87.08	9.4
61.85	2119	-67	87.08	9.4
61.9	2111	-68	87.08	9.4
61.95	2104	-69	87.04	9.4
62	2099	-69	87.04	9.4
62.05	2095	-70	87.04	9.4
62.1	2092	-70	87.04	9.4
62.15	2094	-69	87.04	9.4
62.2	2098	-69	87.04	9.4
62.25	2098	-67	87.04	9.4
62.3	2096	-66	87.04	9.4
62.35	2094	-65	87.04	9.4
62.4	2090	-63	87.04	9.4
62.45	2089	-62	87.04	9.4
62.5	2082	-61	87.04	9.4
62.55	2076	-61	87.04	9.4
62.6	2067	-61	87.04	9.4
62.65	2055	-61	87.04	9.4
62.7	2045	-62	87.04	9.4
62.75	2038	-64	87.04	9.4
62.8	2032	-66	87.04	9.4
62.85	2028	-67	87.04	9.4
62.9	2024	-67	87.04	9.4
62.95	2022	-66	87.04	9.4
63	2018	-64	87.04	9.4
63.05	2016	-63	87.04	9.4
63.1	2013	-63	87.04	9.4
63.15	2010	-64	87.04	9.4
63.2	2008	-66	87.04	9.4
63.25	2005	-68	87.04	9.4
63.3	2004	-70	87.03	9.4
63.35	2002	-72	87.04	9.4
63.4	1998	-73	87.04	9.4
63.45	1994	-73	87.04	9.4
63.5	1992	-73	87.03	9.4
63.55	1992	-71	87.03	9.4
63.6	1992	-69	87.03	9.4
63.65	1998	-66	87.03	9.4
63.7	1996	-63	87.03	9.4
63.75	1990	-60	87.04	9.4
63.8	1985	-57	87.03	9.4
63.85	1976	-55	87.03	9.4
63.9	1976	-53	87.03	9.4
63.95	1975	-50	87.03	9.4
64	1973	-48	87.03	9.4
64.05	1977	-46	87.04	9.4
64.1	1974	-44	87.03	9.4
64.15	1969	-42	87.03	9.4
64.2	1964	-41	87.03	9.4
64.25	1958	-40	87.03	9.4
64.3	1950	-39	87.03	9.4
64.35	1947	-38	87.03	9.4
64.4	1942	-37	87.03	9.4
64.45	1938	-37	87.03	9.4
64.5	1935	-39	87.03	9.4
64.55	1931	-41	87.03	9.4
64.6	1927	-43	87.03	9.4
64.65	1924	-46	87.03	9.4
64.7	1921	-49	87.03	9.4
64.75	1922	-50	87.03	9.4
64.8	1922	-50	87.03	9.4
64.85	1920	-51	87.03	9.4
64.9	1924	-52	87.01	9.4
64.95	1923	-55	87.03	9.4
65	1927	-58	87.03	9.4
65.05	1933	-62	87.03	9.4
65.1	1929	-64	87.01	9.4
65.15	1927	-65	87.03	9.4
65.2	1923	-65	87.03	9.4
65.25	1928	-64	87.01	9.4
65.3	1933	-63	87.01	9.4
65.35	1926	-61	87.01	9.4
65.4	1923	-60	87.01	9.4
65.45	1920	-59	87.01	9.4
65.5	1914	-58	87.01	9.4
65.55	1910	-57	87.01	9.4
65.6	1905	-56	86.97	9.4
65.65	1896	-56	87.01	9.4
65.7	1889	-55	86.97	9.4
65.75	1885	-55	86.97	9.4
65.8	1883	-56	87.01	9.4
65.85	1880	-56	87.01	9.4
65.9	1870	-57	86.95	9.4
65.95	1858	-58	86.95	9.4
66	1853	-59	86.95	9.4
66.05	1844	-61	86.95	9.4
66.1	1838	-63	86.95	9.4
66.15	1836	-65	86.95	9.4
66.2	1831	-66	86.97	9.4
66.25	1830	-68	86.95	9.4
66.3	1828	-69	86.95	9.4
66.35	1826	-68	86.95	9.4
66.4	1825	-67	86.95	9.4
66.45	1822	-65	86.95	9.4
66.5	1820	-63	86.95	9.4
66.55	1819	-62	86.95	9.4
66.6	1816	-61	86.95	9.4
66.65	1815	-61	86.95	9.4
66.7	1814	-62	86.95	9.4
66.75	1812	-63	86.95	9.4
66.8	1813	-64	86.95	9.4
66.85	1812	-65	86.95	9.4
66.9	1813	-65	86.94	9.4
66.95	1813	-64	86.94	9.4
67	1811	-63	86.95	9.4
67.05	1807	-61	86.95	9.4
67.1	1802	-60	86.94	9.4
67.15	1794	-60	86.94	9.4
67.2	1795	-59	86.94	9.4
67.25	1791	-58	86.94	9.4
67.3	1792	-57	86.94	9.4
67.35	1789	-56	86.94	9.4
67.4	1794	-55	86.94	9.4
67.45	1792	-54	86.94	9.4
67.5	1791	-54	86.94	9.4
67.55	1788	-55	86.94	9.4
67.6	1780	-56	86.94	9.4
67.65	1773	-57	86.94	9.4
67.7	1760	-59	86.94	9.4
67.75	1755	-60	86.94	9.4
67.8	1749	-61	86.94	9.4
67.85	1742	-60	86.94	9.4
67.9	1733	-58	86.94	9.4
67.95	1730	-56	86.94	9.4
68	1726	-54	86.94	9.4
68.05	1721	-52	86.94	9.4
68.1	1719	-50	86.94	9.4
68.15	1717	-49	86.94	9.4
68.2	1716	-49	86.94	9.4
68.25	1715	-50	86.94	9.4
68.3	1716	-52	86.94	9.4
68.35	1717	-55	86.94	9.4
68.4	1719	-58	86.94	9.4
68.45	1717	-62	86.94	9.4
68.5	1714	-64	86.94	9.4
68.55	1706	-65	86.94	9.4
68.6	1705	-65	86.94	9.4
68.65	1697	-64	86.94	9.4
68.7	1693	-63	86.94	9.4
68.75	1691	-62	86.94	9.4
68.8	1692	-61	86.94	9.4
68.85	1697	-59	86.94	9.4
68.9	1704	-58	86.94	9.4
68.95	1707	-57	86.94	9.4
69	1709	-56	86.94	9.4
69.05	1705	-56	86.94	9.4
69.1	1702	-56	86.92	9.4
69.15	1700	-56	86.92	9.4
69.2	1698	-56	86.94	9.4
69.25	1692	-57	86.94	9.4
69.3	1689	-57	86.94	9.4
69.35	1677	-58	86.92	9.4
69.4	1672	-58	86.92	9.4
69.45	1657	-58	86.92	9.4
69.5	1656	-57	86.92	9.4
69.55	1651	-57	86.92	9.4
69.6	1653	-56	86.92	9.4
69.65	1641	-56	86.92	9.4
69.7	1633	-56	86.92	9.4
69.75	1627	-58	86.92	9.4
69.8	1625	-60	86.9	9.4
69.85	1623	-63	86.92	9.4
69.9	1623	-66	86.92	9.4
69.95	1616	-69	86.92	9.4
70	1613	-71	86.92	9.4
70.05	1612	-72	86.92	9.4
70.1	1608	-73	86.92	9.4
70.15	1607	-72	86.92	9.4
70.2	1606	-71	86.92	9.4
70.25	1605	-69	86.9	9.4
70.3	1603	-66	86.92	9.4
70.35	1603	-61	86.92	9.4
70.4	1606	-58	86.92	9.4
70.45	1602	-55	86.86	9.4
70.5	1593	-55	86.92	9.4
70.55	1595	-55	86.86	9.4
70.6	1590	-55	86.9	9.4
70.65	1586	-55	86.86	9.4
70.7	1580	-54	86.9	9.4
70.75	1580	-53	86.9	9.4
70.8	1576	-52	86.86	9.4
70.85	1574	-51	86.86	9.4
70.9	1570	-51	86.86	9.4
70.95	1567	-50	86.86	9.4
71	1561	-50	86.86	9.4
71.05	1560	-50	86.86	9.4
71.1	1557	-50	86.86	9.4
71.15	1558	-51	86.86	9.4
71.2	1554	-51	86.86	9.4
71.25	1555	-51	86.86	9.4
71.3	1556	-50	86.86	9.4
71.35	1568	-50	86.85	9.4
71.4	1557	-51	86.85	9.4
71.45	1553	-51	86.85	9.4
71.5	1542	-51	86.86	9.4
71.55	1538	-51	86.85	9.4
71.6	1532	-50	86.85	9.4
71.65	1531	-49	86.85	9.4
71.7	1528	-47	86.85	9.4
71.75	1523	-46	86.85	9.4
71.8	1525	-45	86.85	9.4
71.85	1521	-45	86.85	9.4
71.9	1522	-46	86.85	9.4
71.95	1518	-47	86.85	9.4
72	1512	-50	86.85	9.4
72.05	1510	-53	86.85	9.4
72.1	1509	-56	86.85	9.4
72.15	1508	-59	86.83	9.4
72.2	1503	-61	86.85	9.4
72.25	1506	-62	86.83	9.4
72.3	1508	-64	86.85	9.4
72.35	1507	-65	86.83	9.4
72.4	1501	-64	86.83	9.4
72.45	1496	-63	86.83	9.4
72.5	1492	-62	86.83	9.4
72.55	1488	-61	86.83	9.4
72.6	1490	-60	86.83	9.4
72.65	1494	-59	86.83	9.4
72.7	1490	-59	86.83	9.4
72.75	1489	-58	86.83	9.4
72.8	1489	-58	86.83	9.4
72.85	1486	-58	86.83	9.4
72.9	1477	-57	86.83	9.4
72.95	1466	-56	86.83	9.4
73	1452	-54	86.83	9.4
73.05	1445	-52	86.83	9.4
73.1	1440	-51	86.83	9.4
73.15	1438	-50	86.83	9.4
73.2	1434	-51	86.83	9.4
73.25	1434	-53	86.83	9.4
73.3	1432	-57	86.83	9.4
73.35	1431	-61	86.81	9.4
73.4	1428	-64	86.83	9.4
73.45	1425	-65	86.81	9.4
73.5	1420	-65	86.83	9.4
73.55	1417	-64	86.83	9.4
73.6	1414	-64	86.83	9.4
73.65	1414	-65	86.81	9.4
73.7	1412	-66	86.77	9.4
73.75	1412	-68	86.77	9.4
73.8	1408	-68	86.81	9.4
73.85	1406	-67	86.77	9.4
73.9	1405	-65	86.81	9.4
73.95	1408	-63	86.77	9.4
74	1410	-60	86.77	9.4
74.05	1411	-58	86.77	9.4
74.1	1410	-57	86.76	9.4
74.15	1412	-57	86.77	9.4
74.2	1412	-58	86.76	9.4
74.25	1399	-58	86.76	9.4
74.3	1381	-58	86.76	9.4
74.35	1369	-57	86.76	9.4
74.4	1363	-55	86.76	9.4
74.45	1362	-53	86.76	9.4
74.5	1373	-53	86.76	9.4
74.55	1373	-54	86.76	9.4
74.6	1364	-56	86.76	9.4
74.65	1359	-58	86.76	9.4
74.7	1355	-59	86.76	9.4
74.75	1356	-59	86.76	9.4
74.8	1351	-60	86.76	9.4
74.85	1344	-60	86.76	9.4
74.9	1342	-61	86.76	9.4
74.95	1340	-63	86.74	9.4
75	1336	-64	86.76	9.4
75.05	1332	-66	86.76	9.4
75.1	1327	-68	86.76	9.4
75.15	1322	-69	86.74	9.4
75.2	1319	-68	86.76	9.4
75.25	1314	-66	86.74	9.4
75.3	1316	-64	86.72	9.4
75.35	1323	-62	86.74	9.4
75.4	1325	-61	86.74	9.4
75.45	1324	-62	86.72	9.4
75.5	1314	-64	86.72	9.4
75.55	1303	-65	86.74	9.4
75.6	1295	-65	86.72	9.4
75.65	1299	-65	86.74	9.4
75.7	1297	-64	86.72	9.4
75.75	1293	-64	86.72	9.4
75.8	1289	-63	86.72	9.4
75.85	1287	-62	86.72	9.4
75.9	1286	-59	86.72	9.4
75.95	1284	-57	86.72	9.4
76	1281	-54	86.72	9.4
76.05	1280	-50	86.72	9.4
76.1	1275	-47	86.72	9.4
76.15	1270	-44	86.72	9.4
76.2	1265	-43	86.74	9.4
76.25	1259	-43	86.72	9.4
76.3	1256	-45	86.72	9.4
76.35	1251	-48	86.72	9.4
76.4	1245	-51	86.72	9.4
76.45	1242	-53	86.72	9.4
76.5	1241	-54	86.72	9.4
76.55	1236	-53	86.72	9.4
76.6	1238	-52	86.68	9.4
76.65	1232	-52	86.72	9.4
76.7	1228	-51	86.72	9.4
76.75	1225	-52	86.68	9.4
76.8	1223	-53	86.72	9.4
76.85	1225	-54	86.72	9.4
76.9	1227	-55	86.72	9.4
76.95	1233	-57	86.68	9.4
77	1233	-58	86.68	9.4
77.05	1234	-59	86.68	9.4
77.1	1238	-58	86.68	9.4
77.15	1240	-57	86.68	9.4
77.2	1241	-55	86.68	9.4
77.25	1234	-54	86.68	9.4
77.3	1228	-52	86.68	9.4
77.35	1220	-50	86.68	9.4
77.4	1214	-48	86.68	9.4
77.45	1205	-46	86.68	9.4
77.5	1199	-45	86.68	9.4
77.55	1199	-45	86.68	9.4
77.6	1200	-44	86.68	9.4
77.65	1197	-44	86.68	9.4
77.7	1192	-44	86.67	9.4
77.75	1185	-44	86.68	9.4
77.8	1185	-45	86.68	9.4
77.85	1180	-48	86.68	9.4
77.9	1171	-51	86.68	9.4
77.95	1164	-54	86.67	9.4
78	1161	-58	86.68	9.4
78.05	1160	-60	86.68	9.4
78.1	1159	-63	86.68	9.4
78.15	1157	-64	86.67	9.4
78.2	1152	-63	86.68	9.4
78.25	1157	-62	86.68	9.4
78.3	1154	-59	86.67	9.4
78.35	1154	-56	86.67	9.4
78.4	1151	-52	86.68	9.4
78.45	1158	-50	86.68	9.4
78.5	1150	-49	86.68	9.4
78.55	1147	-49	86.68	9.4
78.6	1146	-50	86.67	9.4
78.65	1145	-51	86.67	9.4
78.7	1142	-52	86.67	9.4
78.75	1140	-53	86.67	9.4
78.8	1133	-53	86.68	9.4
78.85	1132	-54	86.67	9.4
78.9	1124	-55	86.68	9.4
78.95	1119	-56	86.68	9.4
79	1117	-57	86.68	9.4
79.05	1111	-58	86.67	9.4
79.1	1114	-59	86.67	9.4
79.15	1111	-60	86.68	9.4
79.2	1111	-60	86.67	9.4
79.25	1111	-59	86.68	9.4
79.3	1113	-59	86.67	9.4
79.35	1113	-60	86.68	9.4
79.4	1110	-61	86.67	9.4
79.45	1114	-62	86.67	9.4
79.5	1105	-63	86.67	9.4
79.55	1098	-64	86.67	9.4
79.6	1094	-65	86.67	9.4
79.65	1090	-64	86.67	9.4
79.7	1086	-64	86.67	9.4
79.75	1081	-63	86.67	9.4
79.8	1075	-63	86.67	9.4
79.85	1064	-63	86.67	9.4
79.9	1056	-63	86.67	9.4
79.95	1054	-63	86.67	9.4
80	1043	-64	86.67	9.4
80.05	1041	-64	86.67	9.4
80.1	1039	-65	86.67	9.4
80.15	1037	-67	86.67	9.4
80.2	1041	-68	86.67	9.4
80.25	1040	-70	86.67	9.4
80.3	1038	-72	86.67	9.4
80.35	1040	-74	86.67	9.4
80.4	1030	-74	86.67	9.4
80.45	1027	-75	86.67	9.4
80.5	1021	-73	86.67	9.4
80.55	1015	-71	86.67	9.4
80.6	1020	-69	86.67	9.4
80.65	1018	-65	86.67	9.4
80.7	1018	-62	86.67	9.4
80.75	1013	-58	86.67	9.4
80.8	1008	-55	86.67	9.4
80.85	998	-52	86.65	9.4
80.9	1000	-50	86.67	9.4
80.95	990	-47	86.65	9.4
81	990	-45	86.65	9.4
81.05	983	-43	86.67	9.4
81.1	985	-43	86.65	9.4
81.15	978	-43	86.63	9.4
81.2	976	-44	86.65	9.4
81.25	971	-45	86.63	9.4
81.3	966	-46	86.65	9.4
81.35	964	-47	86.65	9.4
81.4	963	-46	86.63	9.4
81.45	961	-45	86.63	9.4
81.5	959	-44	86.63	9.4
81.55	957	-44	86.63	9.4
81.6	961	-46	86.63	9.4
81.65	967	-49	86.63	9.4
81.7	970	-52	86.63	9.4
81.75	965	-55	86.63	9.4
81.8	964	-58	86.63	9.4
81.85	959	-60	86.63	9.4
81.9	961	-62	86.63	9.4
81.95	961	-64	86.63	9.4
82	958	-65	86.63	9.4
82.05	958	-66	86.63	9.4
82.1	953	-66	86.63	9.4
82.15	956	-66	86.63	9.4
82.2	956	-65	86.59	9.4
82.25	947	-64	86.59	9.4
82.3	941	-63	86.59	9.4
82.35	937	-61	86.59	9.4
82.4	942	-60	86.63	9.4
82.45	940	-60	86.59	9.4
82.5	937	-61	86.59	9.4
82.55	932	-64	86.59	9.4
82.6	925	-67	86.63	9.4
82.65	914	-70	86.63	9.4
82.7	904	-71	86.59	9.4
82.75	890	-72	86.58	9.4
82.8	884	-72	86.58	9.4
82.85	876	-73	86.59	9.4
82.9	865	-74	86.59	9.4
82.95	859	-77	86.59	9.4
83	857	-79	86.58	9.4
83.05	852	-81	86.59	9.4
83.1	849	-82	86.58	9.4
83.15	846	-82	86.59	9.4
83.2	845	-81	86.58	9.4
83.25	843	-80	86.59	9.4
83.3	845	-78	86.58	9.4
83.35	847	-77	86.59	9.4
83.4	849	-76	86.59	9.4
83.45	843	-76	86.59	9.4
83.5	836	-76	86.58	9.4
83.55	829	-76	86.58	9.4
83.6	827	-75	86.58	9.4
83.65	824	-72	86.63	9.4
83.7	825	-68	86.59	9.4
83.75	827	-63	86.58	9.4
83.8	824	-59	86.59	9.4
83.85	818	-56	86.58	9.4
83.9	809	-54	86.58	9.4
83.95	801	-54	86.58	9.4
84	799	-55	86.58	9.4
84.05	795	-56	86.58	9.4
84.1	795	-56	86.58	9.4
84.15	791	-56	86.58	9.4
84.2	790	-56	86.58	9.4
84.25	791	-55	86.58	9.4
84.3	791	-54	86.58	9.4
84.35	796	-53	86.58	9.4
84.4	793	-52	86.58	9.4
84.45	787	-50	86.58	9.4
84.5	780	-48	86.58	9.4
84.55	772	-47	86.58	9.4
84.6	769	-47	86.58	9.4
84.65	768	-48	86.58	9.4
84.7	768	-50	86.58	9.4
84.75	774	-52	86.58	9.4
84.8	775	-53	86.58	9.4
84.85	764	-53	86.58	9.4
84.9	753	-53	86.58	9.4
84.95	749	-54	86.58	9.4
85	743	-55	86.58	9.4
85.05	738	-56	86.58	9.4
85.1	737	-58	86.58	9.4
85.15	733	-60	86.56	9.4
85.2	737	-62	86.56	9.4
85.25	741	-64	86.54	9.4
85.3	738	-65	86.58	9.4
85.35	745	-66	86.54	9.4
85.4	746	-66	86.56	9.4
85.45	746	-66	86.58	9.4
85.5	737	-65	86.56	9.4
85.55	738	-64	86.54	9.4
85.6	734	-64	86.54	9.4
85.65	729	-64	86.54	9.4
85.7	720	-65	86.54	9.4
85.75	716	-65	86.56	9.4
85.8	712	-64	86.54	9.4
85.85	708	-62	86.54	9.4
85.9	700	-59	86.54	9.4
85.95	693	-57	86.54	9.4
86	687	-55	86.54	9.4
86.05	679	-54	86.54	9.4
86.1	674	-54	86.54	9.4
86.15	669	-56	86.54	9.4
86.2	668	-59	86.54	9.4
86.25	664	-63	86.54	9.4
86.3	663	-66	86.54	9.4
86.35	661	-70	86.54	9.4
86.4	659	-72	86.54	9.4
86.45	653	-73	86.54	9.4
86.5	648	-72	86.54	9.4
86.55	645	-70	86.54	9.4
86.6	646	-68	86.54	9.4
86.65	644	-66	86.5	9.4
86.7	642	-64	86.49	9.4
86.75	641	-64	86.54	9.4
86.8	643	-65	86.5	9.4
86.85	641	-65	86.54	9.4
86.9	641	-66	86.5	9.4
86.95	636	-66	86.49	9.4
87	635	-65	86.49	9.4
87.05	634	-65	86.49	9.4
87.1	631	-64	86.49	9.4
87.15	625	-63	86.5	9.4
87.2	618	-63	86.5	9.4
87.25	609	-63	86.54	9.4
87.3	605	-64	86.54	9.4
87.35	598	-64	86.54	9.4
87.4	602	-65	86.5	9.4
87.45	599	-65	86.54	9.4
87.5	595	-64	86.54	9.4
87.55	599	-64	86.5	9.4
87.6	605	-63	86.5	9.4
87.65	605	-63	86.5	9.4
87.7	592	-63	86.49	9.4
87.75	583	-63	86.5	9.4
87.8	579	-63	86.49	9.4
87.85	571	-63	86.49	9.4
87.9	564	-63	86.49	9.4
87.95	557	-62	86.49	9.4
88	553	-61	86.49	9.4
88.05	548	-59	86.49	9.4
88.1	550	-57	86.49	9.4
88.15	547	-55	86.49	9.4
88.2	544	-52	86.49	9.4
88.25	541	-49	86.49	9.4
88.3	534	-47	86.49	9.4
88.35	526	-45	86.49	9.4
88.4	527	-45	86.49	9.4
88.45	525	-45	86.49	9.4
88.5	523	-46	86.49	9.4
88.55	521	-46	86.49	9.4
88.6	520	-46	86.49	9.4
88.65	519	-46	86.49	9.4
88.7	519	-43	86.49	9.4
88.75	517	-40	86.49	9.4
88.8	517	-37	86.49	9.4
88.85	517	-33	86.49	9.4
88.9	516	-30	86.49	9.4
88.95	517	-28	86.49	9.4
89	516	-26	86.47	9.4
89.05	517	-24	86.49	9.4
89.1	517	-24	86.47	9.4
89.15	515	-24	86.47	9.4
89.2	516	-23	86.47	9.4
89.25	515	-22	86.47	9.4
89.3	515	-20	86.47	9.4
89.35	513	-19	86.47	9.4
89.4	511	-17	86.47	9.4
89.45	511	-16	86.49	9.4
89.5	510	-16	86.47	9.4
89.55	508	-16	86.47	9.4
89.6	507	-16	86.47	9.4
89.65	508	-16	86.47	9.4
89.7	506	-17	86.47	9.4
89.75	507	-17	86.47	9.4
89.8	507	-17	86.47	9.4
89.85	506	-17	86.47	9.4
89.9	505	-18	86.47	9.4
89.95	505	-19	86.45	9.4
90	504	-19	86.49	9.4
90.05	504	-20	86.47	9.4
90.1	499	-20	86.49	9.4
90.15	498	-20	86.45	9.4
90.2	495	-20	86.49	9.4
90.25	494	-19	86.45	9.4
90.3	492	-19	86.45	9.4
90.35	493	-19	86.47	9.4
90.4	496	-19	86.45	9.4
90.45	492	-19	86.45	9.4
90.5	489	-18	86.45	9.4
90.55	489	-18	86.45	9.4
90.6	486	-19	86.45	9.4
90.65	486	-19	86.45	9.4
90.7	486	-20	86.45	9.4
90.75	484	-21	86.45	9.4
90.8	484	-22	86.45	9.4
90.85	481	-22	86.45	9.4
90.9	481	-23	86.45	9.4
90.95	478	-23	86.45	9.4
91	478	-23	86.41	9.4
91.05	477	-23	86.45	9.4
91.1	478	-22	86.45	9.4
91.15	477	-22	86.45	9.4
91.2	477	-21	86.41	9.4
91.25	477	-21	86.41	9.4
91.3	476	-21	86.45	9.4
91.35	475	-22	86.4	9.4
91.4	474	-22	86.41	9.4
91.45	474	-22	86.4	9.4
91.5	474	-21	86.4	9.4
91.55	471	-21	86.4	9.4
91.6	470	-21	86.4	9.4
91.65	468	-21	86.4	9.4
91.7	465	-21	86.4	9.4
91.75	465	-21	86.4	9.4
91.8	462	-20	86.4	9.4
91.85	461	-20	86.4	9.4
91.9	459	-20	86.4	9.4
91.95	459	-20	86.4	9.4
92	457	-21	86.4	9.4
92.05	457	-21	86.4	9.4
92.1	456	-22	86.4	9.4
92.15	454	-23	86.4	9.4
92.2	454	-23	86.4	9.4
92.25	451	-23	86.4	9.4
92.3	451	-23	86.4	9.4
92.35	450	-22	86.4	9.4
92.4	450	-22	86.4	9.4
92.45	449	-22	86.4	9.4
92.5	447	-21	86.4	9.4
92.55	446	-21	86.4	9.4
92.6	447	-21	86.4	9.4
92.65	445	-20	86.4	9.4
92.7	444	-20	86.4	9.4
92.75	443	-20	86.4	9.4
92.8	443	-20	86.4	9.4
92.85	441	-20	86.4	9.4
92.9	441	-20	86.4	9.4
92.95	438	-20	86.4	9.4
93	435	-20	86.4	9.4
93.05	434	-20	86.4	9.4
93.1	432	-20	86.4	9.4
93.15	432	-20	86.4	9.4
93.2	433	-20	86.38	9.4
93.25	432	-19	86.4	9.4
93.3	431	-19	86.4	9.4
93.35	432	-19	86.38	9.4
93.4	431	-19	86.38	9.4
93.45	431	-19	86.38	9.4
93.5	431	-19	86.38	9.4
93.55	430	-19	86.38	9.4
93.6	427	-19	86.4	9.4
93.65	427	-19	86.4	9.4
93.7	425	-19	86.4	9.4
93.75	424	-19	86.38	9.4
93.8	422	-19	86.38	9.4
93.85	420	-18	86.4	9.4
93.9	420	-17	86.38	9.4
93.95	419	-16	86.38	9.4
94	418	-15	86.4	9.4
94.05	416	-15	86.38	9.4
94.1	415	-14	86.4	9.4
94.15	415	-15	86.38	9.4
94.2	414	-15	86.4	9.4
94.25	414	-16	86.38	9.4
94.3	413	-16	86.38	9.4
94.35	412	-16	86.38	9.4
94.4	409	-17	86.38	9.4
94.45	410	-17	86.4	9.4
94.5	409	-16	86.38	9.4
94.55	409	-16	86.38	9.4
94.6	407	-16	86.38	9.4
94.65	408	-16	86.38	9.4
94.7	407	-15	86.38	9.4
94.75	405	-15	86.38	9.4
94.8	405	-15	86.36	9.4
94.85	405	-14	86.38	9.4
94.9	406	-14	86.38	9.4
94.95	406	-14	86.38	9.4
95	408	-14	86.36	9.4
95.05	406	-14	86.38	9.4
95.1	403	-14	86.38	9.4
95.15	402	-14	86.38	9.4
95.2	402	-14	86.36	9.4
95.25	399	-14	86.38	9.4
95.3	400	-14	86.36	9.4
95.35	398	-14	86.38	9.4
95.4	398	-14	86.38	9.4
95.45	400	-14	86.38	9.4
95.5	397	-13	86.38	9.4
95.55	396	-13	86.38	9.4
95.6	397	-13	86.38	9.4
95.65	396	-13	86.36	9.4
95.7	394	-13	86.36	9.4
95.75	394	-13	86.36	9.4
95.8	394	-13	86.36	9.4
95.85	391	-14	86.36	9.4
95.9	391	-14	86.36	9.4
95.95	390	-15	86.36	9.4
96	389	-15	86.36	9.4
96.05	388	-15	86.36	9.4
96.1	387	-15	86.36	9.4
96.15	385	-15	86.36	9.4
96.2	387	-15	86.36	9.4
96.25	386	-15	86.36	9.4
96.3	385	-15	86.36	9.4
96.35	384	-15	86.36	9.4
96.4	382	-15	86.36	9.4
96.45	383	-15	86.36	9.4
96.5	383	-15	86.36	9.4
96.55	382	-15	86.36	9.4
96.6	382	-15	86.32	9.4
96.65	381	-15	86.36	9.4
96.7	380	-15	86.36	9.4
96.75	380	-15	86.36	9.4
96.8	379	-14	86.36	9.4
96.85	378	-14	86.32	9.4
96.9	378	-14	86.32	9.4
96.95	376	-14	86.31	9.4
97	375	-14	86.32	9.4
97.05	376	-14	86.32	9.4
97.1	374	-14	86.31	9.4
97.15	372	-14	86.32	9.4
97.2	371	-14	86.36	9.4
97.25	370	-15	86.31	9.4
97.3	371	-15	86.31	9.4
97.35	369	-15	86.32	9.4
97.4	369	-15	86.31	9.4
97.45	368	-16	86.31	9.4
97.5	368	-16	86.31	9.4
97.55	367	-16	86.32	9.4
97.6	366	-16	86.31	9.4
97.65	366	-16	86.32	9.4
97.7	365	-16	86.31	9.4
97.75	365	-16	86.31	9.4
97.8	364	-16	86.31	9.4
97.85	364	-16	86.31	9.4
97.9	363	-16	86.31	9.4
97.95	361	-16	86.31	9.4
98	361	-16	86.31	9.4
98.05	359	-16	86.31	9.4
98.1	359	-16	86.31	9.4
98.15	358	-16	86.31	9.4
98.2	358	-16	86.31	9.4
98.25	355	-16	86.31	9.4
98.3	355	-16	86.31	9.4
98.35	354	-16	86.31	9.4
98.4	352	-16	86.31	9.4
98.45	352	-16	86.31	9.4
98.5	350	-16	86.31	9.4
98.55	349	-16	86.31	9.4
98.6	349	-17	86.31	9.4
98.65	349	-17	86.29	9.4
98.7	348	-17	86.31	9.4
98.75	347	-18	86.29	9.4
98.8	346	-18	86.31	9.4
98.85	346	-19	86.31	9.4
98.9	347	-19	86.29	9.4
98.95	344	-19	86.31	9.4
99	343	-19	86.29	9.4
99.05	342	-19	86.29	9.4
99.1	342	-19	86.31	9.4
99.15	340	-19	86.29	9.4
99.2	340	-19	86.29	9.4
99.25	339	-19	86.29	9.4
99.3	338	-19	86.25	9.4
99.35	337	-18	86.29	9.4
99.4	338	-18	86.29	9.4
99.45	337	-18	86.29	9.4
99.5	336	-18	86.29	9.4
99.55	334	-18	86.29	9.4
99.6	333	-18	86.29	9.4
99.65	331	-19	86.29	9.4
99.7	330	-19	86.29	9.4
99.75	328	-19	86.29	9.4
99.8	326	-19	86.29	9.4
99.85	325	-19	86.29	9.4
99.9	325	-19	86.29	9.4
99.95	323	-19	86.29	9.4
100	323	-19	86.25	9.4
100.05	321	-19	86.29	9.4
100.1	320	-18	86.25	9.4
100.15	320	-18	86.29	9.4
100.2	319	-18	86.25	9.4
100.25	319	-18	86.29	9.4
100.3	318	-18	86.29	9.4
100.35	317	-19	86.25	9.4
100.4	316	-19	86.29	9.4
100.45	316	-19	86.25	9.4
100.5	313	-19	86.29	9.4
100.55	313	-19	86.25	9.4
100.6	313	-18	86.23	9.4
100.65	311	-18	86.25	9.4
100.7	310	-17	86.25	9.4
100.75	309	-17	86.29	9.4
100.8	309	-17	86.29	9.4
100.85	307	-17	86.25	9.4
100.9	305	-17	86.25	9.4
100.95	307	-17	86.25	9.4
101	307	-17	86.23	9.4
101.05	306	-17	86.23	9.4
101.1	306	-17	86.23	9.4
101.15	304	-17	86.25	9.4
101.2	304	-17	86.23	9.4
101.25	304	-17	86.23	9.4
101.3	302	-16	86.23	9.4
101.35	299	-17	86.23	9.4
101.4	298	-17	86.25	9.4
101.45	297	-17	86.23	9.4
101.5	296	-18	86.23	9.4
101.55	297	-18	86.23	9.4
101.6	298	-18	86.25	9.4
101.65	296	-18	86.23	9.4
101.7	296	-18	86.23	9.4
101.75	294	-18	86.23	9.4
101.8	293	-18	86.23	9.4
101.85	289	-18	86.23	9.4
101.9	288	-18	86.23	9.4
101.95	290	-18	86.23	9.4
102	289	-19	86.23	9.4
102.05	288	-19	86.23	9.4
102.1	286	-19	86.23	9.4
102.15	287	-19	86.23	9.4
102.2	286	-20	86.23	9.4
102.25	287	-20	86.23	9.4
102.3	286	-20	86.23	9.4
102.35	283	-19	86.23	9.4
102.4	282	-19	86.23	9.4
102.45	279	-19	86.23	9.4
102.5	278	-19	86.23	9.4
102.55	276	-20	86.23	9.4
102.6	275	-21	86.23	9.4
102.65	275	-21	86.22	9.4
102.7	273	-22	86.23	9.4
102.75	272	-22	86.23	9.4
102.8	273	-22	86.23	9.4
102.85	272	-22	86.22	9.4
102.9	272	-22	86.23	9.4
102.95	270	-22	86.22	9.4
103	269	-22	86.22	9.4
103.05	267	-22	86.22	9.4
103.1	268	-22	86.22	9.4
103.15	265	-23	86.22	9.4
103.2	264	-23	86.22	9.4
103.25	263	-23	86.22	9.4
103.3	262	-23	86.22	9.4
103.35	262	-23	86.22	9.4
103.4	261	-23	86.22	9.4
103.45	259	-23	86.22	9.4
103.5	257	-22	86.22	9.4
103.55	257	-22	86.22	9.4
103.6	255	-22	86.22	9.4
103.65	252	-22	86.22	9.4
103.7	252	-23	86.22	9.4
103.75	250	-23	86.22	9.4
103.8	249	-23	86.22	9.4
103.85	247	-24	86.22	9.4
103.9	246	-24	86.22	9.4
103.95	245	-24	86.22	9.4
104	245	-24	86.22	9.4
104.05	244	-24	86.22	9.4
104.1	243	-24	86.2	9.4
104.15	243	-24	86.2	9.4
104.2	240	-24	86.22	9.4
104.25	238	-23	86.22	9.4
104.3	238	-23	86.22	9.4
104.35	238	-23	86.2	9.4
104.4	235	-23	86.22	9.4
104.45	235	-23	86.2	9.4
104.5	234	-23	86.22	9.4
104.55	232	-23	86.22	9.4
104.6	231	-23	86.2	9.4
104.65	229	-23	86.2	9.4
104.7	228	-23	86.22	9.4
104.75	227	-23	86.22	9.4
104.8	226	-23	86.2	9.4
104.85	225	-23	86.22	9.4
104.9	224	-23	86.2	9.4
104.95	222	-23	86.2	9.4
105	221	-24	86.2	9.4
105.05	220	-24	86.2	9.4
105.1	219	-24	86.2	9.4
105.15	219	-24	86.2	9.4
105.2	218	-24	86.2	9.4
105.25	216	-24	86.2	9.4
105.3	215	-24	86.2	9.4
105.35	215	-24	86.2	9.4
105.4	214	-24	86.2	9.4
105.45	213	-23	86.2	9.4
105.5	210	-23	86.2	9.4
105.55	210	-23	86.2	9.4
105.6	208	-23	86.18	9.4
105.65	205	-23	86.2	9.4
105.7	205	-22	86.2	9.4
105.75	203	-22	86.18	9.4
105.8	202	-22	86.2	9.4
105.85	200	-22	86.2	9.4
105.9	200	-22	86.2	9.4
105.95	199	-22	86.2	9.4
106	198	-22	86.2	9.4
106.05	196	-22	86.2	9.4
106.1	195	-22	86.2	9.4
106.15	195	-21	86.18	9.4
106.2	193	-21	86.2	9.4
106.25	191	-21	86.2	9.4
106.3	191	-21	86.2	9.4
106.35	190	-21	86.2	9.4
106.4	189	-21	86.2	9.4
106.45	189	-20	86.2	9.4
106.5	186	-20	86.2	9.4
106.55	187	-20	86.18	9.4
106.6	185	-19	86.2	9.4
106.65	184	-19	86.2	9.4
106.7	183	-19	86.2	9.4
106.75	184	-19	86.14	9.4
106.8	182	-19	86.18	9.4
106.85	180	-19	86.18	9.4
106.9	179	-19	86.14	9.4
106.95	178	-19	86.14	9.4
107	178	-19	86.14	9.4
107.05	178	-19	86.14	9.4
107.1	177	-19	86.14	9.4
107.15	175	-19	86.14	9.4
107.2	175	-19	86.14	9.4
107.25	175	-19	86.14	9.4
107.3	174	-19	86.14	9.4
107.35	175	-19	86.14	9.4
107.4	172	-19	86.14	9.4
107.45	171	-19	86.14	9.4
107.5	171	-19	86.14	9.4
107.55	171	-20	86.14	9.4
107.6	169	-20	86.14	9.4
107.65	168	-20	86.14	9.4
107.7	165	-20	86.13	9.4
107.75	166	-20	86.13	9.4
107.8	163	-20	86.14	9.4
107.85	162	-19	86.14	9.4
107.9	162	-19	86.14	9.4
107.95	160	-19	86.14	9.4
108	161	-20	86.13	9.4
108.05	160	-20	86.14	9.4
108.1	158	-20	86.14	9.4
108.15	156	-21	86.14	9.4
108.2	155	-21	86.14	9.4
108.25	154	-21	86.13	9.4
108.3	152	-22	86.14	9.4
108.35	152	-22	86.13	9.4
108.4	151	-22	86.13	9.4
108.45	149	-22	86.13	9.4
108.5	148	-22	86.14	9.4
108.55	147	-22	86.14	9.4
108.6	146	-22	86.13	9.4
108.65	144	-22	86.13	9.4
108.7	144	-22	86.14	9.4
108.75	143	-21	86.13	9.4
108.8	144	-21	86.13	9.4
108.85	142	-21	86.13	9.4
108.9	141	-21	86.13	9.4
108.95	139	-21	86.14	9.4
109	138	-21	86.13	9.4
109.05	138	-21	86.13	9.4
109.1	136	-21	86.13	9.4
109.15	135	-21	86.13	9.4
109.2	132	-21	86.14	9.4
109.25	132	-21	86.13	9.4
109.3	131	-21	86.13	9.4
109.35	130	-21	86.13	9.4
109.4	130	-21	86.13	9.4
109.45	128	-21	86.13	9.4
109.5	127	-21	86.13	9.4
109.55	125	-21	86.13	9.4
109.6	124	-21	86.13	9.4
109.65	125	-21	86.13	9.4
109.7	123	-21	86.13	9.4
109.75	123	-21	86.13	9.4
109.8	121	-21	86.13	9.4
109.85	121	-21	86.13	9.4
109.9	120	-21	86.13	9.4
109.95	118	-20	86.13	9.4
110	118	-20	86.13	9.4
110.05	117	-20	86.13	9.4
110.1	115	-20	86.13	9.4
110.15	114	-20	86.13	9.4
110.2	112	-20	86.13	9.4
110.25	112	-20	86.13	9.4
110.3	110	-20	86.13	9.4
110.35	109	-20	86.13	9.4
110.4	108	-20	86.13	9.4
110.45	106	-20	86.13	9.4
110.5	106	-20	86.13	9.4
110.55	106	-20	86.13	9.4
110.6	105	-21	86.13	9.4
110.65	104	-21	86.13	9.4
110.7	103	-21	86.13	9.4
110.75	102	-21	86.13	9.4
110.8	102	-22	86.13	9.4
110.85	99	-22	86.13	9.4
110.9	101	-22	86.11	9.4
110.95	99	-22	86.13	9.4
111	99	-22	86.13	9.4
111.05	97	-22	86.11	9.4
111.1	96	-22	86.13	9.4
111.15	93	-22	86.13	9.4
111.2	92	-22	86.13	9.4
111.25	91	-22	86.13	9.4
111.3	90	-22	86.13	9.4
111.35	90	-22	86.11	9.4
111.4	88	-22	86.13	9.4
111.45	87	-22	86.13	9.4
111.5	87	-22	86.11	9.4
111.55	84	-22	86.11	9.4
111.6	83	-22	86.13	9.4
111.65	82	-22	86.11	9.4
111.7	80	-22	86.13	9.4
111.75	80	-22	86.11	9.4
111.8	79	-22	86.13	9.4
111.85	76	-22	86.13	9.4
111.9	75	-22	86.11	9.4
111.95	74	-22	86.13	9.4
112	73	-22	86.13	9.4
112.05	72	-22	86.13	9.4
112.1	71	-22	86.13	9.4
112.15	69	-22	86.13	9.4
112.2	68	-22	86.13	9.4
112.25	66	-23	86.11	9.4
112.3	67	-23	86.13	9.4
112.35	64	-23	86.13	9.4
112.4	65	-23	86.13	9.4
112.45	65	-23	86.11	9.4
112.5	62	-24	86.11	9.4
112.55	61	-23	86.11	9.4
112.6	60	-23	86.11	9.4
112.65	59	-23	86.13	9.4
112.7	59	-23	86.11	9.4
112.75	60	-23	86.11	9.4
112.8	57	-23	86.11	9.4
112.85	58	-22	86.11	9.4
112.9	57	-22	86.11	9.4
112.95	55	-22	86.11	9.4
113	53	-21	86.11	9.4
113.05	52	-21	86.11	9.4
113.1	50	-21	86.11	9.4
113.15	49	-21	86.11	9.4
113.2	47	-21	86.11	9.4
113.25	46	-21	86.11	9.4
113.3	45	-21	86.11	9.4
113.35	43	-21	86.11	9.4
113.4	41	-21	86.11	9.4
113.45	40	-21	86.11	9.4
113.5	38	-21	86.11	9.4
113.55	38	-21	86.11	9.4
113.6	37	-21	86.11	9.4
113.65	35	-21	86.11	9.4
113.7	35	-21	86.11	9.4
113.75	34	-21	86.11	9.4
113.8	34	-21	86.09	9.4
113.85	32	-21	86.11	9.4
113.9	31	-20	86.11	9.4
113.95	32	-20	86.05	9.4
114	31	-20	86.09	9.4
114.05	30	-19	86.11	9.4
114.1	29	-19	86.11	9.4
114.15	27	-19	86.11	9.4
114.2	26	-19	86.09	9.4
114.25	26	-19	86.11	9.4
114.3	26	-19	86.09	9.4
114.35	24	-19	86.09	9.4
114.4	23	-18	86.11	9.4
114.45	22	-19	86.11	9.4
114.5	22	-19	86.09	9.4
114.55	19	-19	86.11	9.4
114.6	20	-19	86.09	9.4
114.65	18	-18	86.09	9.4
114.7	19	-18	86.09	9.4
114.75	18	-17	86.11	9.4
114.8	17	-17	86.11	9.4
114.85	17	-17	86.09	9.4
114.9	16	-17	86.11	9.4
114.95	15	-18	86.11	9.4
115	14	-18	86.11	9.4
115.05	13	-18	86.09	9.4
115.1	14	-17	86.09	9.4
115.15	10	-16	86.11	9.4
115.2	10	-16	86.09	9.4
115.25	6	-15	86.11	9.4
115.3	8	-15	86.05	9.4
115.35	6	-15	86.11	9.4
115.4	4	-14	86.09	9.4
115.45	2	-14	86.09	9.4
115.5	0	-13	86.09	9.4
115.55	0	-13	86.09	9.4
115.6	-5	-12	86.05	9.4
115.65	5	-12	86.05	9.4
115.7	1	-12	86.05	9.4
115.75	0	-11	86.05	9.4
115.8	-1	-11	86.09	9.4
115.85	-2	-11	86.05	9.4
115.9	-3	-10	86.05	9.4
115.95	-5	-10	86.05	9.4
116	-5	-9	86.09	9.4
116.05	-5	-9	86.05	9.4
116.1	-5	-8	86.05	9.4
116.15	-4	-8	86.05	9.4
116.2	-3	-7	86.05	9.4
116.25	-4	-7	86.09	9.4
116.3	-5	-6	86.05	9.4
116.35	-4	-5	86.05	9.4
116.4	-5	-5	86.05	9.4
116.45	-4	-4	86.04	9.4
116.5	-5	-3	86.05	9.4
116.55	-4	-2	86.05	9.4
116.6	-4	-2	86.05	9.4
116.65	-5	-2	86.04	9.4
116.7	-5	-2	86.04	9.4
116.75	-5	-2	86.05	9.4
116.8	-3	-2	86.04	9.4
116.85	-4	-1	86.04	9.4
116.9	-5	0	86.05	9.4
116.95	-2	0	86.04	9.4
117	-4	0	86.04	9.4
117.05	-5	0	86.04	9.4
117.1	-5	0	86.04	9.4
117.15	-5	0	86.05	9.4
117.2	-4	0	86.04	9.4
117.25	-5	0	86.04	9.4
117.3	-5	0	86.05	9.4
117.35	-6	0	86.05	9.4
117.4	-5	0	86.04	9.4
117.45	-5	0	86.04	9.4
117.5	-4	0	86.04	9.4
117.55	-4	0	86.04	9.4
117.6	-5	0	86.05	9.4
117.65	-3	0	86.04	9.4
117.7	-4	0	86.04	9.4
117.75	-4	0	86.04	9.4
117.8	-4	0	86.04	9.4
117.85	-4	0	86.04	9.4
117.9	-3	0	86.04	9.4
117.95	-5	0	86.04	9.4
118	-4	0	86.04	9.4
118.05	-4	0	86.04	9.4
118.1	-5	0	86.04	9.4
118.15	-5	0	86.05	9.4
118.2	-4	0	86.04	9.4
118.25	-5	0	86.04	9.4
118.3	-4	0	86.04	9.4
118.35	-4	0	86.04	9.4
118.4	-4	0	86.04	9.4
118.45	-3	0	86.04	9.4
118.5	-5	0	86.04	9.4
118.55	-5	0	86.04	9.4
118.6	-4	0	86.04	9.4
118.65	-5	0	86.04	9.4
118.7	-4	0	86.04	9.4
118.75	-4	0	86.04	9.4
118.8	-5	0	86.04	9.4
118.85	-4	0	86.04	9.4
118.9	-3	0	86.04	9.4
118.95	-3	0	86.04	9.4
119	-4	0	86.04	9.4
119.05	-5	0	86.04	9.4
119.1	-4	0	86.04	9.4
119.15	-5	0	86.04	9.4
119.2	-4	0	86.04	9.4
119.25	-5	0	86.04	9.4
119.3	-5	0	86.04	9.4
119.35	-4	0	86.04	9.4
119.4	-4	0	86.04	9.4
119.45	-4	0	86.04	9.4
119.5	-5	0	86.04	9.4
119.55	-5	0	86.04	9.4
119.6	-4	0	86.04	9.4
119.65	-5	0	86.04	9.4
119.7	-5	0	86.04	9.4
119.75	-3	0	86.04	9.4
119.8	-3	0	86.04	9.4
119.85	-5	0	86.04	9.4
119.9	-3	0	86.04	9.4
119.95	-5	0	86.04	9.4
120	-4	0	86.04	9.4
120.05	-5	0	86.04	9.4
120.1	-3	0	86.04	9.4
120.15	-4	0	86.04	9.4
120.2	-4	0	86.04	9.4
120.25	-4	0	86.04	9.4
120.3	-3	0	86.04	9.4
120.35	-5	0	86.04	9.4
120.4	-5	0	86.04	9.4
120.45	-5	0	86.04	9.4
120.5	-4	-1	86.04	9.4
120.55	-5	-1	86.04	9.4
120.6	-4	-2	86.04	9.4
120.65	-5	-2	86.04	9.4
120.7	-5	-1	86.04	9.4
120.75	-5	-1	86.04	9.4
120.8	-5	0	86.04	9.4
120.85	-4	1	86.04	9.4
120.9	-5	1	86.04	9.4
120.95	-5	1	86.04	9.4
121	-4	1	86.04	9.4
121.05	-5	1	86.02	9.4
121.1	-4	0	86.04	9.4
121.15	-4	0	86.04	9.4
121.2	-5	0	86.04	9.4
121.25	-4	0	86.04	9.4
121.3	-4	0	86.02	9.4
121.35	-4	0	86.04	9.4
121.4	-4	0	86.04	9.4
121.45	-3	0	86.02	9.4
121.5	-5	0	86.04	9.4
121.55	-5	0	86.04	9.4
